cluster	au	bp	meandist	lowdist	size	valid	d	mean_wss	mean_bss	angle
120	0.998813205920271	0.00234675417809366	0.393611228448493	TRUE	3500000	FALSE	1.94	1.04	5.454	0
125	0.953538135585006	0.173939912539358	0.493074193224437	TRUE	3500000	FALSE	1.12	1.61	5.318	0
127	0.971356503577232	0.142663241312507	0.528232129936256	TRUE	6e+06	FALSE	0.84	2.18	15.885	0
136	0.993646771770837	0.207518747465354	0.537515633368577	TRUE	6500000	FALSE	0.99	2.35	17.276	0
144	0.964709309264839	0.857515815106464	0.403415022267217	TRUE	2500000	FALSE	1.08	0.84	7.823	0
161	0.957052500449624	0.109851045280787	0.582241607311204	TRUE	5500000	FALSE	0.51	2.03	16.772	0
162	0.963571948258707	0.269604672659767	0.484433662681918	TRUE	3e+06	FALSE	1.13	0.81	8.374	0
163	0.986135438245118	0.601707909818646	0.492200342445876	TRUE	2500000	FALSE	0.86	1.29	4.67	0
167	0.970821825045032	0.145874921054812	0.466495082438614	TRUE	3e+06	FALSE	1.99	0.66	8.017	0
17	0.970960536168223	0.766606865536535	0.285421831204016	TRUE	4e+06	FALSE	0.01	0.6	23.02	0
171	0.988804844637308	0.0870514316488208	0.518066914952166	TRUE	4500000	FALSE	0.69	1.5	8.123	0
186	0.979730588586611	0.102773763037965	0.456671064241737	TRUE	4e+06	FALSE	1.36	2.76	7.194	0
200	0.983581088705288	0.0459633171634644	0.547597971219085	TRUE	4500000	FALSE	1.17	0.93	10.238	0
206	0.977488473476534	0.175246840618846	0.494302774278728	TRUE	2500000	FALSE	0.66	1.17	3.496	0
215	0.983761832999875	0.0923304696510694	0.537283043041772	TRUE	4500000	FALSE	1.28	1.34	13.085	0
236	0.980196228459937	0.182605335388747	0.55335918612891	TRUE	2500000	FALSE	0.13	1.05	4.127	0
239	0.993385160465138	0.0526524053457591	0.551128891723963	TRUE	5e+06	FALSE	1.25	1.42	13.849	0
249	0.970900841814522	0.0246325004067422	0.556371381874349	TRUE	7e+06	FALSE	0.1	2.6	21.491	0
251	0.953356500975207	0.110964954964739	0.595668438998453	FALSE	3e+06	FALSE	0.62	1.45	4.96	0
264	0.954080316038691	0.00560622750640471	0.477258557964366	TRUE	10500000	FALSE	1.86	2.12	12.184	0
270	0.995668878510608	0.185995844993942	0.639401629130013	FALSE	10500000	FALSE	0.92	2.62	37.824	0
276	0.985928972166828	0.0125207615948785	0.494753485463342	TRUE	12500000	FALSE	1.75	2.5	14.182	0
283	0.985206881185314	0.213442960561596	0.535240613059045	TRUE	5e+06	FALSE	1.92	1.47	14.375	0
287	0.981094869960253	0.030229025081365	0.572198299002731	TRUE	6e+06	FALSE	1.19	2.08	7.933	0
302	0.973814109421825	0.0402696884849728	0.528110372405336	TRUE	3500000	FALSE	0.48	0.63	9.831	0
309	0.967509449708422	0.304951127097525	0.53580527820103	TRUE	3e+06	FALSE	0.03	0.82	4.873	0
31	1	1	0.309750812299033	TRUE	5500000	FALSE	0.57	0.73	29.651	0
315	0.977750918002858	0.169093820029872	0.509745756385881	TRUE	3e+06	FALSE	0.46	0.74	6.103	0
319	0.980956808794467	0.00964284394182936	0.650753453442785	FALSE	15500000	TRUE	0.17	1.73	18.786	-15
325	0.969218509068982	0.389415301035523	0.510354608322981	TRUE	2500000	FALSE	0.78	1.04	3.909	0
333	0.983497443025466	0.00211750698339961	0.654747549343495	FALSE	1.6e+07	TRUE	0.17	1.75	19.083	-15
340	0.957811818446611	0.378284952918114	0.474593402705917	TRUE	3500000	FALSE	1.27	1.31	6.561	0
341	0.969835293330807	0.0887391119696554	0.665455047640929	FALSE	5e+06	FALSE	0.03	2.27	8.03	0
346	0.993175732229714	0.0603926554166261	0.700834980930652	FALSE	6e+06	FALSE	0.13	2.72	9.301	0
350	0.969437812892127	0.00266635708097904	0.66003445139331	FALSE	16500000	TRUE	0.17	1.78	19.472	-15
359	0.959281574033969	0.174816761851624	0.565347044118014	TRUE	3e+06	FALSE	1.58	1.17	5.52	0
366	0.960806314621177	0.013703480422747	0.518587067229713	TRUE	3500000	FALSE	0.6	0.43	13.995	0
367	0.994584848746176	0.00871098329107151	0.623712859079739	FALSE	9500000	FALSE	1.85	2.25	21.565	0
369	0.997819672758305	0.516321267609966	0.530559622453562	TRUE	1.5e+07	TRUE	0.09	0.39	11.231	-25
374	0.97009089799772	0.00867038474023257	0.576647237082811	TRUE	6500000	FALSE	0.88	2.15	8.377	0
376	0.994090432329205	0.168779187569257	0.568974100133243	TRUE	6500000	FALSE	1.65	1.77	16.892	0
378	0.983673058806074	0.253501719488013	0.57940049393054	TRUE	4e+06	FALSE	0.26	2.04	8.139	0
383	0.99973878688301	0.00286323348304176	0.644582006930472	FALSE	1.2e+07	FALSE	1.86	4.1	16.837	0
388	0.993148524808696	0.244364836665261	0.749278599234618	FALSE	13500000	FALSE	1.51	5.57	19.848	0
406	0.951190412513237	0.0466568137453562	0.625780790267047	FALSE	8e+06	FALSE	0.8	3.34	12.418	0
410	0.982093485540164	0.0334046514952474	0.646142589863636	FALSE	9e+06	FALSE	0.72	3.77	13.959	0
413	0.971080851863629	0.146433457096774	0.646305914451382	FALSE	1.1e+07	FALSE	0.35	2.67	38.751	0
418	0.988795897608567	0.0262061700776123	0.601929766423567	FALSE	8e+06	FALSE	0.44	2.53	9.82	0
419	0.976837521325689	0.0326754701788547	0.634512528499568	FALSE	11500000	FALSE	0.06	3.29	14.459	0
427	0.976047559911133	0.0398599060839672	0.581795484543858	TRUE	2500000	FALSE	0.76	0.62	2.399	0
429	0.994586954259298	0.0248640289250598	0.65445959376987	FALSE	9500000	FALSE	0.7	3.92	14.397	0
433	0.964044947772518	0.0178755766476132	0.631619701959861	FALSE	1.2e+07	FALSE	0.08	3.36	14.711	0
434	0.997211008250044	0.0251276748245458	0.629928853754024	FALSE	1.3e+07	FALSE	0.48	3.84	16.807	0
436	0.999999436973603	0.999812781719984	0.337946982077449	TRUE	6e+06	FALSE	0.23	0.77	32.133	0
447	0.993866268596396	0.0196914378673032	0.649084884351218	FALSE	14500000	FALSE	0.6	4.04	19.377	0
449	0.952062394068403	0.0664827877830999	0.62264200991211	FALSE	6e+06	FALSE	0.21	2.57	9.18	0
451	0.999397481901101	0.00687799945452144	0.663977660213273	FALSE	10500000	FALSE	0.65	4.3	15.167	0
452	0.986475371186336	0.0922609432809965	0.586059432200995	TRUE	3500000	FALSE	0.57	1.47	4.948	0
456	0.992353528730257	0.0272870531461271	0.576538317423767	TRUE	5e+06	FALSE	0.62	1.17	9.104	0
476	0.993880503156823	0.00419993402165146	0.602084479867607	FALSE	5e+06	FALSE	0.26	1.33	7.102	0
485	0.95841531790294	0.0045507563478083	0.642078065453101	FALSE	12500000	FALSE	0.48	2.92	26.569	0
500	0.971490084865255	0.0114962053775708	0.56434702267834	TRUE	4e+06	FALSE	0.76	1.47	6.202	0
509	0.998668448187146	0.0397481066012359	0.587880244953601	TRUE	5e+06	FALSE	0.15	2.2	9.061	0
510	0.983119356510963	0.141963226092095	0.655030378526542	FALSE	11500000	FALSE	1.09	2.73	39.689	0
513	0.995961330313034	0.00407776610819339	0.586496721480496	TRUE	5500000	FALSE	0.88	1.56	7.681	0
514	0.991510918260384	0.0126012046325789	0.616180965685098	FALSE	7500000	FALSE	0.76	1.83	10.443	0
540	0.991320151149535	0.00357134692030538	0.671065536633004	FALSE	1.1e+07	FALSE	0.66	4.37	15.433	0
57	0.958575593847633	0.260299062188262	0.434764274991294	TRUE	3e+06	FALSE	1.11	1.13	8.479	0
585	0.992981480885819	0.305062611507343	0.543128952819815	TRUE	1.6e+07	TRUE	0.07	0.56	12.449	20
593	0.999691048106254	0.00603535149214037	0.563935238323191	TRUE	16500000	TRUE	0	0.55	12.851	-20
65	0.987720255100028	0.165668072068535	0.478526551988911	TRUE	3e+06	FALSE	0.91	2.13	4.46	0
82	0.972078889306017	0.372366985969507	0.431931043331821	TRUE	3500000	FALSE	0.18	1.32	14.083	0
