cluster	block	chrom	pos	si	au	bp	se.si	se.au	se.bp	v	c	pchi	meandist	lowdist
103	1:151500000	1	151500000	0.748698780649737	0.986583159991847	0.155827789956627	0.0426789546421479	0.00375331461219735	0.00379138617303136	-0.601087265382004	1.61284149375884	0.572529967412215	0.508644027365752	TRUE
103	1:162500000	1	162500000	0.748698780649737	0.986583159991847	0.155827789956627	0.0426789546421479	0.00375331461219735	0.00379138617303136	-0.601087265382004	1.61284149375884	0.572529967412215	0.508644027365752	TRUE
103	1:163500000	1	163500000	0.748698780649737	0.986583159991847	0.155827789956627	0.0426789546421479	0.00375331461219735	0.00379138617303136	-0.601087265382004	1.61284149375884	0.572529967412215	0.508644027365752	TRUE
103	1:1.64e+08	1	1.64e+08	0.748698780649737	0.986583159991847	0.155827789956627	0.0426789546421479	0.00375331461219735	0.00379138617303136	-0.601087265382004	1.61284149375884	0.572529967412215	0.508644027365752	TRUE
103	1:1.52e+08	1	1.52e+08	0.748698780649737	0.986583159991847	0.155827789956627	0.0426789546421479	0.00375331461219735	0.00379138617303136	-0.601087265382004	1.61284149375884	0.572529967412215	0.508644027365752	TRUE
103	1:1.63e+08	1	1.63e+08	0.748698780649737	0.986583159991847	0.155827789956627	0.0426789546421479	0.00375331461219735	0.00379138617303136	-0.601087265382004	1.61284149375884	0.572529967412215	0.508644027365752	TRUE
103	1:164500000	1	164500000	0.748698780649737	0.986583159991847	0.155827789956627	0.0426789546421479	0.00375331461219735	0.00379138617303136	-0.601087265382004	1.61284149375884	0.572529967412215	0.508644027365752	TRUE
103	1:1.65e+08	1	1.65e+08	0.748698780649737	0.986583159991847	0.155827789956627	0.0426789546421479	0.00375331461219735	0.00379138617303136	-0.601087265382004	1.61284149375884	0.572529967412215	0.508644027365752	TRUE
103	1:1.66e+08	1	1.66e+08	0.748698780649737	0.986583159991847	0.155827789956627	0.0426789546421479	0.00375331461219735	0.00379138617303136	-0.601087265382004	1.61284149375884	0.572529967412215	0.508644027365752	TRUE
111	1:1.76e+08	1	1.76e+08	0.521921284627764	0.989748842588264	0.0415803487141441	0.124229722481849	0.00494945570059942	0.00216789139509181	-0.292195880511239	2.0248301317497	0.159415596764601	0.517483798483562	TRUE
111	1:1.74e+08	1	1.74e+08	0.521921284627764	0.989748842588264	0.0415803487141441	0.124229722481849	0.00494945570059942	0.00216789139509181	-0.292195880511239	2.0248301317497	0.159415596764601	0.517483798483562	TRUE
111	1:176500000	1	176500000	0.521921284627764	0.989748842588264	0.0415803487141441	0.124229722481849	0.00494945570059942	0.00216789139509181	-0.292195880511239	2.0248301317497	0.159415596764601	0.517483798483562	TRUE
111	1:175500000	1	175500000	0.521921284627764	0.989748842588264	0.0415803487141441	0.124229722481849	0.00494945570059942	0.00216789139509181	-0.292195880511239	2.0248301317497	0.159415596764601	0.517483798483562	TRUE
111	1:172500000	1	172500000	0.521921284627764	0.989748842588264	0.0415803487141441	0.124229722481849	0.00494945570059942	0.00216789139509181	-0.292195880511239	2.0248301317497	0.159415596764601	0.517483798483562	TRUE
111	1:1.72e+08	1	1.72e+08	0.521921284627764	0.989748842588264	0.0415803487141441	0.124229722481849	0.00494945570059942	0.00216789139509181	-0.292195880511239	2.0248301317497	0.159415596764601	0.517483798483562	TRUE
113	1:175500000	1	175500000	0.959601543461706	0.999886857786755	0.0319558613218759	0.0241961471521346	0.000116021185169769	0.00220474848210283	-0.917455671662576	2.77025084273196	0.670083577135072	0.538872705862787	TRUE
113	1:1.72e+08	1	1.72e+08	0.959601543461706	0.999886857786755	0.0319558613218759	0.0241961471521346	0.000116021185169769	0.00220474848210283	-0.917455671662576	2.77025084273196	0.670083577135072	0.538872705862787	TRUE
113	1:171500000	1	171500000	0.959601543461706	0.999886857786755	0.0319558613218759	0.0241961471521346	0.000116021185169769	0.00220474848210283	-0.917455671662576	2.77025084273196	0.670083577135072	0.538872705862787	TRUE
113	1:176500000	1	176500000	0.959601543461706	0.999886857786755	0.0319558613218759	0.0241961471521346	0.000116021185169769	0.00220474848210283	-0.917455671662576	2.77025084273196	0.670083577135072	0.538872705862787	TRUE
113	1:172500000	1	172500000	0.959601543461706	0.999886857786755	0.0319558613218759	0.0241961471521346	0.000116021185169769	0.00220474848210283	-0.917455671662576	2.77025084273196	0.670083577135072	0.538872705862787	TRUE
113	1:1.76e+08	1	1.76e+08	0.959601543461706	0.999886857786755	0.0319558613218759	0.0241961471521346	0.000116021185169769	0.00220474848210283	-0.917455671662576	2.77025084273196	0.670083577135072	0.538872705862787	TRUE
113	1:1.74e+08	1	1.74e+08	0.959601543461706	0.999886857786755	0.0319558613218759	0.0241961471521346	0.000116021185169769	0.00220474848210283	-0.917455671662576	2.77025084273196	0.670083577135072	0.538872705862787	TRUE
118	1:9.2e+07	1	9.2e+07	0.420210528595609	0.98150440830739	0.0524794828565969	0.117201039316212	0.00696476877544586	0.00238191264510523	-0.232293859560516	1.85356749946846	0.00123469507077424	0.716836550182837	TRUE
118	1:9.3e+07	1	9.3e+07	0.420210528595609	0.98150440830739	0.0524794828565969	0.117201039316212	0.00696476877544586	0.00238191264510523	-0.232293859560516	1.85356749946846	0.00123469507077424	0.716836550182837	TRUE
118	1:9.4e+07	1	9.4e+07	0.420210528595609	0.98150440830739	0.0524794828565969	0.117201039316212	0.00696476877544586	0.00238191264510523	-0.232293859560516	1.85356749946846	0.00123469507077424	0.716836550182837	TRUE
118	1:91500000	1	91500000	0.420210528595609	0.98150440830739	0.0524794828565969	0.117201039316212	0.00696476877544586	0.00238191264510523	-0.232293859560516	1.85356749946846	0.00123469507077424	0.716836550182837	TRUE
118	1:92500000	1	92500000	0.420210528595609	0.98150440830739	0.0524794828565969	0.117201039316212	0.00696476877544586	0.00238191264510523	-0.232293859560516	1.85356749946846	0.00123469507077424	0.716836550182837	TRUE
118	1:93500000	1	93500000	0.420210528595609	0.98150440830739	0.0524794828565969	0.117201039316212	0.00696476877544586	0.00238191264510523	-0.232293859560516	1.85356749946846	0.00123469507077424	0.716836550182837	TRUE
118	1:9.1e+07	1	9.1e+07	0.420210528595609	0.98150440830739	0.0524794828565969	0.117201039316212	0.00696476877544586	0.00238191264510523	-0.232293859560516	1.85356749946846	0.00123469507077424	0.716836550182837	TRUE
122	1:1.08e+08	1	1.08e+08	0.688014987771679	0.997895423770979	0.0188085902434791	0.160619984809754	0.00204460231970087	0.00169663509110585	-0.391522288429208	2.47052413775982	0.185150338457067	0.64631383938152	TRUE
122	1:108500000	1	108500000	0.688014987771679	0.997895423770979	0.0188085902434791	0.160619984809754	0.00204460231970087	0.00169663509110585	-0.391522288429208	2.47052413775982	0.185150338457067	0.64631383938152	TRUE
122	1:1.12e+08	1	1.12e+08	0.688014987771679	0.997895423770979	0.0188085902434791	0.160619984809754	0.00204460231970087	0.00169663509110585	-0.391522288429208	2.47052413775982	0.185150338457067	0.64631383938152	TRUE
122	1:1.07e+08	1	1.07e+08	0.688014987771679	0.997895423770979	0.0188085902434791	0.160619984809754	0.00204460231970087	0.00169663509110585	-0.391522288429208	2.47052413775982	0.185150338457067	0.64631383938152	TRUE
122	1:1.11e+08	1	1.11e+08	0.688014987771679	0.997895423770979	0.0188085902434791	0.160619984809754	0.00204460231970087	0.00169663509110585	-0.391522288429208	2.47052413775982	0.185150338457067	0.64631383938152	TRUE
122	1:1.1e+08	1	1.1e+08	0.688014987771679	0.997895423770979	0.0188085902434791	0.160619984809754	0.00204460231970087	0.00169663509110585	-0.391522288429208	2.47052413775982	0.185150338457067	0.64631383938152	TRUE
122	1:109500000	1	109500000	0.688014987771679	0.997895423770979	0.0188085902434791	0.160619984809754	0.00204460231970087	0.00169663509110585	-0.391522288429208	2.47052413775982	0.185150338457067	0.64631383938152	TRUE
122	1:110500000	1	110500000	0.688014987771679	0.997895423770979	0.0188085902434791	0.160619984809754	0.00204460231970087	0.00169663509110585	-0.391522288429208	2.47052413775982	0.185150338457067	0.64631383938152	TRUE
122	1:111500000	1	111500000	0.688014987771679	0.997895423770979	0.0188085902434791	0.160619984809754	0.00204460231970087	0.00169663509110585	-0.391522288429208	2.47052413775982	0.185150338457067	0.64631383938152	TRUE
122	1:107500000	1	107500000	0.688014987771679	0.997895423770979	0.0188085902434791	0.160619984809754	0.00204460231970087	0.00169663509110585	-0.391522288429208	2.47052413775982	0.185150338457067	0.64631383938152	TRUE
125	1:1.94e+08	1	1.94e+08	0.744187330520344	0.998929219315711	0.013778265120076	0.198133510564034	0.00157951788498453	0.00175183232467672	-0.433160806191208	2.63670337265834	0.41511089703749	0.500017673919135	TRUE
125	1:193500000	1	193500000	0.744187330520344	0.998929219315711	0.013778265120076	0.198133510564034	0.00157951788498453	0.00175183232467672	-0.433160806191208	2.63670337265834	0.41511089703749	0.500017673919135	TRUE
125	1:194500000	1	194500000	0.744187330520344	0.998929219315711	0.013778265120076	0.198133510564034	0.00157951788498453	0.00175183232467672	-0.433160806191208	2.63670337265834	0.41511089703749	0.500017673919135	TRUE
125	1:1.96e+08	1	1.96e+08	0.744187330520344	0.998929219315711	0.013778265120076	0.198133510564034	0.00157951788498453	0.00175183232467672	-0.433160806191208	2.63670337265834	0.41511089703749	0.500017673919135	TRUE
125	1:196500000	1	196500000	0.744187330520344	0.998929219315711	0.013778265120076	0.198133510564034	0.00157951788498453	0.00175183232467672	-0.433160806191208	2.63670337265834	0.41511089703749	0.500017673919135	TRUE
125	1:192500000	1	192500000	0.744187330520344	0.998929219315711	0.013778265120076	0.198133510564034	0.00157951788498453	0.00175183232467672	-0.433160806191208	2.63670337265834	0.41511089703749	0.500017673919135	TRUE
125	1:197500000	1	197500000	0.744187330520344	0.998929219315711	0.013778265120076	0.198133510564034	0.00157951788498453	0.00175183232467672	-0.433160806191208	2.63670337265834	0.41511089703749	0.500017673919135	TRUE
125	1:1.93e+08	1	1.93e+08	0.744187330520344	0.998929219315711	0.013778265120076	0.198133510564034	0.00157951788498453	0.00175183232467672	-0.433160806191208	2.63670337265834	0.41511089703749	0.500017673919135	TRUE
125	1:195500000	1	195500000	0.744187330520344	0.998929219315711	0.013778265120076	0.198133510564034	0.00157951788498453	0.00175183232467672	-0.433160806191208	2.63670337265834	0.41511089703749	0.500017673919135	TRUE
133	1:185500000	1	185500000	0.771105843850643	0.962763803804959	0.427274889058081	0.027263747302027	0.00661630024836794	0.00517033468662003	-0.800191910860755	0.983508296819816	0.0270872703564245	0.532161714932344	TRUE
133	1:1.85e+08	1	1.85e+08	0.771105843850643	0.962763803804959	0.427274889058081	0.027263747302027	0.00661630024836794	0.00517033468662003	-0.800191910860755	0.983508296819816	0.0270872703564245	0.532161714932344	TRUE
133	1:184500000	1	184500000	0.771105843850643	0.962763803804959	0.427274889058081	0.027263747302027	0.00661630024836794	0.00517033468662003	-0.800191910860755	0.983508296819816	0.0270872703564245	0.532161714932344	TRUE
133	1:1.83e+08	1	1.83e+08	0.771105843850643	0.962763803804959	0.427274889058081	0.027263747302027	0.00661630024836794	0.00517033468662003	-0.800191910860755	0.983508296819816	0.0270872703564245	0.532161714932344	TRUE
133	1:183500000	1	183500000	0.771105843850643	0.962763803804959	0.427274889058081	0.027263747302027	0.00661630024836794	0.00517033468662003	-0.800191910860755	0.983508296819816	0.0270872703564245	0.532161714932344	TRUE
133	1:1.84e+08	1	1.84e+08	0.771105843850643	0.962763803804959	0.427274889058081	0.027263747302027	0.00661630024836794	0.00517033468662003	-0.800191910860755	0.983508296819816	0.0270872703564245	0.532161714932344	TRUE
133	1:182500000	1	182500000	0.771105843850643	0.962763803804959	0.427274889058081	0.027263747302027	0.00661630024836794	0.00517033468662003	-0.800191910860755	0.983508296819816	0.0270872703564245	0.532161714932344	TRUE
154	1:1.42e+08	1	1.42e+08	0.773034748441859	0.980355734568569	0.253522883802366	0.0325260981957981	0.00443458122524445	0.00453193681923316	-0.698853690140166	1.36229841819806	0.479309552410242	0.602658932972205	TRUE
154	1:141500000	1	141500000	0.773034748441859	0.980355734568569	0.253522883802366	0.0325260981957981	0.00443458122524445	0.00453193681923316	-0.698853690140166	1.36229841819806	0.479309552410242	0.602658932972205	TRUE
154	1:1.41e+08	1	1.41e+08	0.773034748441859	0.980355734568569	0.253522883802366	0.0325260981957981	0.00443458122524445	0.00453193681923316	-0.698853690140166	1.36229841819806	0.479309552410242	0.602658932972205	TRUE
154	1:140500000	1	140500000	0.773034748441859	0.980355734568569	0.253522883802366	0.0325260981957981	0.00443458122524445	0.00453193681923316	-0.698853690140166	1.36229841819806	0.479309552410242	0.602658932972205	TRUE
154	1:1.4e+08	1	1.4e+08	0.773034748441859	0.980355734568569	0.253522883802366	0.0325260981957981	0.00443458122524445	0.00453193681923316	-0.698853690140166	1.36229841819806	0.479309552410242	0.602658932972205	TRUE
191	1:1.07e+08	1	1.07e+08	0	0.986236887729764	0.00548531508500183	0	0.0214673647591651	0.0010693490774805	0.16982983891657	2.37380310099324	0.91273206185945	0.693827786327872	TRUE
191	1:109500000	1	109500000	0	0.986236887729764	0.00548531508500183	0	0.0214673647591651	0.0010693490774805	0.16982983891657	2.37380310099324	0.91273206185945	0.693827786327872	TRUE
191	1:1.08e+08	1	1.08e+08	0	0.986236887729764	0.00548531508500183	0	0.0214673647591651	0.0010693490774805	0.16982983891657	2.37380310099324	0.91273206185945	0.693827786327872	TRUE
191	1:111500000	1	111500000	0	0.986236887729764	0.00548531508500183	0	0.0214673647591651	0.0010693490774805	0.16982983891657	2.37380310099324	0.91273206185945	0.693827786327872	TRUE
191	1:1.11e+08	1	1.11e+08	0	0.986236887729764	0.00548531508500183	0	0.0214673647591651	0.0010693490774805	0.16982983891657	2.37380310099324	0.91273206185945	0.693827786327872	TRUE
191	1:1.06e+08	1	1.06e+08	0	0.986236887729764	0.00548531508500183	0	0.0214673647591651	0.0010693490774805	0.16982983891657	2.37380310099324	0.91273206185945	0.693827786327872	TRUE
191	1:108500000	1	108500000	0	0.986236887729764	0.00548531508500183	0	0.0214673647591651	0.0010693490774805	0.16982983891657	2.37380310099324	0.91273206185945	0.693827786327872	TRUE
191	1:1.12e+08	1	1.12e+08	0	0.986236887729764	0.00548531508500183	0	0.0214673647591651	0.0010693490774805	0.16982983891657	2.37380310099324	0.91273206185945	0.693827786327872	TRUE
191	1:105500000	1	105500000	0	0.986236887729764	0.00548531508500183	0	0.0214673647591651	0.0010693490774805	0.16982983891657	2.37380310099324	0.91273206185945	0.693827786327872	TRUE
191	1:110500000	1	110500000	0	0.986236887729764	0.00548531508500183	0	0.0214673647591651	0.0010693490774805	0.16982983891657	2.37380310099324	0.91273206185945	0.693827786327872	TRUE
191	1:106500000	1	106500000	0	0.986236887729764	0.00548531508500183	0	0.0214673647591651	0.0010693490774805	0.16982983891657	2.37380310099324	0.91273206185945	0.693827786327872	TRUE
191	1:107500000	1	107500000	0	0.986236887729764	0.00548531508500183	0	0.0214673647591651	0.0010693490774805	0.16982983891657	2.37380310099324	0.91273206185945	0.693827786327872	TRUE
191	1:1.1e+08	1	1.1e+08	0	0.986236887729764	0.00548531508500183	0	0.0214673647591651	0.0010693490774805	0.16982983891657	2.37380310099324	0.91273206185945	0.693827786327872	TRUE
194	1:8.5e+07	1	8.5e+07	0	0.983805224999641	0.00297827749702314	0	0.0360042641950752	0.000927524165440574	0.305296813750338	2.44486660646174	0.345734202219771	0.798016047328305	TRUE
194	1:8.6e+07	1	8.6e+07	0	0.983805224999641	0.00297827749702314	0	0.0360042641950752	0.000927524165440574	0.305296813750338	2.44486660646174	0.345734202219771	0.798016047328305	TRUE
194	1:8.7e+07	1	8.7e+07	0	0.983805224999641	0.00297827749702314	0	0.0360042641950752	0.000927524165440574	0.305296813750338	2.44486660646174	0.345734202219771	0.798016047328305	TRUE
194	1:8.8e+07	1	8.8e+07	0	0.983805224999641	0.00297827749702314	0	0.0360042641950752	0.000927524165440574	0.305296813750338	2.44486660646174	0.345734202219771	0.798016047328305	TRUE
194	1:8.9e+07	1	8.9e+07	0	0.983805224999641	0.00297827749702314	0	0.0360042641950752	0.000927524165440574	0.305296813750338	2.44486660646174	0.345734202219771	0.798016047328305	TRUE
194	1:85500000	1	85500000	0	0.983805224999641	0.00297827749702314	0	0.0360042641950752	0.000927524165440574	0.305296813750338	2.44486660646174	0.345734202219771	0.798016047328305	TRUE
194	1:86500000	1	86500000	0	0.983805224999641	0.00297827749702314	0	0.0360042641950752	0.000927524165440574	0.305296813750338	2.44486660646174	0.345734202219771	0.798016047328305	TRUE
194	1:87500000	1	87500000	0	0.983805224999641	0.00297827749702314	0	0.0360042641950752	0.000927524165440574	0.305296813750338	2.44486660646174	0.345734202219771	0.798016047328305	TRUE
194	1:88500000	1	88500000	0	0.983805224999641	0.00297827749702314	0	0.0360042641950752	0.000927524165440574	0.305296813750338	2.44486660646174	0.345734202219771	0.798016047328305	TRUE
194	1:89500000	1	89500000	0	0.983805224999641	0.00297827749702314	0	0.0360042641950752	0.000927524165440574	0.305296813750338	2.44486660646174	0.345734202219771	0.798016047328305	TRUE
194	1:90500000	1	90500000	0	0.983805224999641	0.00297827749702314	0	0.0360042641950752	0.000927524165440574	0.305296813750338	2.44486660646174	0.345734202219771	0.798016047328305	TRUE
194	1:9e+07	1	9e+07	0	0.983805224999641	0.00297827749702314	0	0.0360042641950752	0.000927524165440574	0.305296813750338	2.44486660646174	0.345734202219771	0.798016047328305	TRUE
222	1:1.05e+08	1	1.05e+08	0.976011175925199	0.999999190419236	0.000751903674710679	0.182995528513376	1.18850523387675e-05	0.00108010625048834	-0.81099461032982	3.98494240692958	0.975412593336658	0.724823509813605	TRUE
222	1:1.06e+08	1	1.06e+08	0.976011175925199	0.999999190419236	0.000751903674710679	0.182995528513376	1.18850523387675e-05	0.00108010625048834	-0.81099461032982	3.98494240692958	0.975412593336658	0.724823509813605	TRUE
222	1:1.1e+08	1	1.1e+08	0.976011175925199	0.999999190419236	0.000751903674710679	0.182995528513376	1.18850523387675e-05	0.00108010625048834	-0.81099461032982	3.98494240692958	0.975412593336658	0.724823509813605	TRUE
222	1:1.07e+08	1	1.07e+08	0.976011175925199	0.999999190419236	0.000751903674710679	0.182995528513376	1.18850523387675e-05	0.00108010625048834	-0.81099461032982	3.98494240692958	0.975412593336658	0.724823509813605	TRUE
222	1:111500000	1	111500000	0.976011175925199	0.999999190419236	0.000751903674710679	0.182995528513376	1.18850523387675e-05	0.00108010625048834	-0.81099461032982	3.98494240692958	0.975412593336658	0.724823509813605	TRUE
222	1:1.11e+08	1	1.11e+08	0.976011175925199	0.999999190419236	0.000751903674710679	0.182995528513376	1.18850523387675e-05	0.00108010625048834	-0.81099461032982	3.98494240692958	0.975412593336658	0.724823509813605	TRUE
222	1:1.08e+08	1	1.08e+08	0.976011175925199	0.999999190419236	0.000751903674710679	0.182995528513376	1.18850523387675e-05	0.00108010625048834	-0.81099461032982	3.98494240692958	0.975412593336658	0.724823509813605	TRUE
222	1:110500000	1	110500000	0.976011175925199	0.999999190419236	0.000751903674710679	0.182995528513376	1.18850523387675e-05	0.00108010625048834	-0.81099461032982	3.98494240692958	0.975412593336658	0.724823509813605	TRUE
222	1:104500000	1	104500000	0.976011175925199	0.999999190419236	0.000751903674710679	0.182995528513376	1.18850523387675e-05	0.00108010625048834	-0.81099461032982	3.98494240692958	0.975412593336658	0.724823509813605	TRUE
222	1:1.12e+08	1	1.12e+08	0.976011175925199	0.999999190419236	0.000751903674710679	0.182995528513376	1.18850523387675e-05	0.00108010625048834	-0.81099461032982	3.98494240692958	0.975412593336658	0.724823509813605	TRUE
222	1:109500000	1	109500000	0.976011175925199	0.999999190419236	0.000751903674710679	0.182995528513376	1.18850523387675e-05	0.00108010625048834	-0.81099461032982	3.98494240692958	0.975412593336658	0.724823509813605	TRUE
222	1:107500000	1	107500000	0.976011175925199	0.999999190419236	0.000751903674710679	0.182995528513376	1.18850523387675e-05	0.00108010625048834	-0.81099461032982	3.98494240692958	0.975412593336658	0.724823509813605	TRUE
222	1:106500000	1	106500000	0.976011175925199	0.999999190419236	0.000751903674710679	0.182995528513376	1.18850523387675e-05	0.00108010625048834	-0.81099461032982	3.98494240692958	0.975412593336658	0.724823509813605	TRUE
222	1:108500000	1	108500000	0.976011175925199	0.999999190419236	0.000751903674710679	0.182995528513376	1.18850523387675e-05	0.00108010625048834	-0.81099461032982	3.98494240692958	0.975412593336658	0.724823509813605	TRUE
222	1:105500000	1	105500000	0.976011175925199	0.999999190419236	0.000751903674710679	0.182995528513376	1.18850523387675e-05	0.00108010625048834	-0.81099461032982	3.98494240692958	0.975412593336658	0.724823509813605	TRUE
228	1:2.17e+08	1	2.17e+08	0.257441989841563	0.988842245039749	0.0199951614459791	0.246129864852077	0.00741520639090957	0.00161665298167573	-0.115552703193972	2.16940155676108	0.25182015658357	0.658145455563803	TRUE
228	1:2.18e+08	1	2.18e+08	0.257441989841563	0.988842245039749	0.0199951614459791	0.246129864852077	0.00741520639090957	0.00161665298167573	-0.115552703193972	2.16940155676108	0.25182015658357	0.658145455563803	TRUE
228	1:217500000	1	217500000	0.257441989841563	0.988842245039749	0.0199951614459791	0.246129864852077	0.00741520639090957	0.00161665298167573	-0.115552703193972	2.16940155676108	0.25182015658357	0.658145455563803	TRUE
228	1:216500000	1	216500000	0.257441989841563	0.988842245039749	0.0199951614459791	0.246129864852077	0.00741520639090957	0.00161665298167573	-0.115552703193972	2.16940155676108	0.25182015658357	0.658145455563803	TRUE
228	1:2.19e+08	1	2.19e+08	0.257441989841563	0.988842245039749	0.0199951614459791	0.246129864852077	0.00741520639090957	0.00161665298167573	-0.115552703193972	2.16940155676108	0.25182015658357	0.658145455563803	TRUE
246	1:168500000	1	168500000	0.863316951991678	0.988671294136138	0.311108034283439	0.0214075065128027	0.00269350838190268	0.0048389982022812	-0.893225192780575	1.38593723363086	0.0727891274396213	0.516661890426422	TRUE
246	1:167500000	1	167500000	0.863316951991678	0.988671294136138	0.311108034283439	0.0214075065128027	0.00269350838190268	0.0048389982022812	-0.893225192780575	1.38593723363086	0.0727891274396213	0.516661890426422	TRUE
246	1:1.69e+08	1	1.69e+08	0.863316951991678	0.988671294136138	0.311108034283439	0.0214075065128027	0.00269350838190268	0.0048389982022812	-0.893225192780575	1.38593723363086	0.0727891274396213	0.516661890426422	TRUE
246	1:1.67e+08	1	1.67e+08	0.863316951991678	0.988671294136138	0.311108034283439	0.0214075065128027	0.00269350838190268	0.0048389982022812	-0.893225192780575	1.38593723363086	0.0727891274396213	0.516661890426422	TRUE
246	1:169500000	1	169500000	0.863316951991678	0.988671294136138	0.311108034283439	0.0214075065128027	0.00269350838190268	0.0048389982022812	-0.893225192780575	1.38593723363086	0.0727891274396213	0.516661890426422	TRUE
267	1:1.45e+08	1	1.45e+08	0.928452221765375	0.988317706844138	0.619925044514809	0.0109563258862497	0.00245358088594332	0.00516431405243312	-1.28635192246685	0.981067988327538	0.904519827587035	0.707789303819378	TRUE
267	1:1.46e+08	1	1.46e+08	0.928452221765375	0.988317706844138	0.619925044514809	0.0109563258862497	0.00245358088594332	0.00516431405243312	-1.28635192246685	0.981067988327538	0.904519827587035	0.707789303819378	TRUE
267	1:1.47e+08	1	1.47e+08	0.928452221765375	0.988317706844138	0.619925044514809	0.0109563258862497	0.00245358088594332	0.00516431405243312	-1.28635192246685	0.981067988327538	0.904519827587035	0.707789303819378	TRUE
267	1:1.44e+08	1	1.44e+08	0.928452221765375	0.988317706844138	0.619925044514809	0.0109563258862497	0.00245358088594332	0.00516431405243312	-1.28635192246685	0.981067988327538	0.904519827587035	0.707789303819378	TRUE
267	1:142500000	1	142500000	0.928452221765375	0.988317706844138	0.619925044514809	0.0109563258862497	0.00245358088594332	0.00516431405243312	-1.28635192246685	0.981067988327538	0.904519827587035	0.707789303819378	TRUE
267	1:143500000	1	143500000	0.928452221765375	0.988317706844138	0.619925044514809	0.0109563258862497	0.00245358088594332	0.00516431405243312	-1.28635192246685	0.981067988327538	0.904519827587035	0.707789303819378	TRUE
267	1:144500000	1	144500000	0.928452221765375	0.988317706844138	0.619925044514809	0.0109563258862497	0.00245358088594332	0.00516431405243312	-1.28635192246685	0.981067988327538	0.904519827587035	0.707789303819378	TRUE
267	1:1.43e+08	1	1.43e+08	0.928452221765375	0.988317706844138	0.619925044514809	0.0109563258862497	0.00245358088594332	0.00516431405243312	-1.28635192246685	0.981067988327538	0.904519827587035	0.707789303819378	TRUE
267	1:146500000	1	146500000	0.928452221765375	0.988317706844138	0.619925044514809	0.0109563258862497	0.00245358088594332	0.00516431405243312	-1.28635192246685	0.981067988327538	0.904519827587035	0.707789303819378	TRUE
267	1:147500000	1	147500000	0.928452221765375	0.988317706844138	0.619925044514809	0.0109563258862497	0.00245358088594332	0.00516431405243312	-1.28635192246685	0.981067988327538	0.904519827587035	0.707789303819378	TRUE
267	1:145500000	1	145500000	0.928452221765375	0.988317706844138	0.619925044514809	0.0109563258862497	0.00245358088594332	0.00516431405243312	-1.28635192246685	0.981067988327538	0.904519827587035	0.707789303819378	TRUE
294	1:2.45e+08	1	2.45e+08	0.216128561888298	0.99951405656383	0.000787337210906572	4.48591507795236	0.00628427210513265	0.00136690644613359	-0.068991675075301	3.229549321078	0.962685424249911	0.720491342876472	TRUE
294	1:2.4e+08	1	2.4e+08	0.216128561888298	0.99951405656383	0.000787337210906572	4.48591507795236	0.00628427210513265	0.00136690644613359	-0.068991675075301	3.229549321078	0.962685424249911	0.720491342876472	TRUE
294	1:2.41e+08	1	2.41e+08	0.216128561888298	0.99951405656383	0.000787337210906572	4.48591507795236	0.00628427210513265	0.00136690644613359	-0.068991675075301	3.229549321078	0.962685424249911	0.720491342876472	TRUE
294	1:2.42e+08	1	2.42e+08	0.216128561888298	0.99951405656383	0.000787337210906572	4.48591507795236	0.00628427210513265	0.00136690644613359	-0.068991675075301	3.229549321078	0.962685424249911	0.720491342876472	TRUE
294	1:239500000	1	239500000	0.216128561888298	0.99951405656383	0.000787337210906572	4.48591507795236	0.00628427210513265	0.00136690644613359	-0.068991675075301	3.229549321078	0.962685424249911	0.720491342876472	TRUE
294	1:242500000	1	242500000	0.216128561888298	0.99951405656383	0.000787337210906572	4.48591507795236	0.00628427210513265	0.00136690644613359	-0.068991675075301	3.229549321078	0.962685424249911	0.720491342876472	TRUE
294	1:244500000	1	244500000	0.216128561888298	0.99951405656383	0.000787337210906572	4.48591507795236	0.00628427210513265	0.00136690644613359	-0.068991675075301	3.229549321078	0.962685424249911	0.720491342876472	TRUE
294	1:245500000	1	245500000	0.216128561888298	0.99951405656383	0.000787337210906572	4.48591507795236	0.00628427210513265	0.00136690644613359	-0.068991675075301	3.229549321078	0.962685424249911	0.720491342876472	TRUE
294	1:240500000	1	240500000	0.216128561888298	0.99951405656383	0.000787337210906572	4.48591507795236	0.00628427210513265	0.00136690644613359	-0.068991675075301	3.229549321078	0.962685424249911	0.720491342876472	TRUE
37	1:164500000	1	164500000	0.946133130371033	0.993317420618141	0.565136883385125	0.0088480552838736	0.00152072842189184	0.00527514674341481	-1.31894712036529	1.15494088253646	0.787619341510534	0.444596535773379	TRUE
37	1:1.63e+08	1	1.63e+08	0.946133130371033	0.993317420618141	0.565136883385125	0.0088480552838736	0.00152072842189184	0.00527514674341481	-1.31894712036529	1.15494088253646	0.787619341510534	0.444596535773379	TRUE
37	1:162500000	1	162500000	0.946133130371033	0.993317420618141	0.565136883385125	0.0088480552838736	0.00152072842189184	0.00527514674341481	-1.31894712036529	1.15494088253646	0.787619341510534	0.444596535773379	TRUE
37	1:1.66e+08	1	1.66e+08	0.946133130371033	0.993317420618141	0.565136883385125	0.0088480552838736	0.00152072842189184	0.00527514674341481	-1.31894712036529	1.15494088253646	0.787619341510534	0.444596535773379	TRUE
37	1:1.64e+08	1	1.64e+08	0.946133130371033	0.993317420618141	0.565136883385125	0.0088480552838736	0.00152072842189184	0.00527514674341481	-1.31894712036529	1.15494088253646	0.787619341510534	0.444596535773379	TRUE
37	1:1.65e+08	1	1.65e+08	0.946133130371033	0.993317420618141	0.565136883385125	0.0088480552838736	0.00152072842189184	0.00527514674341481	-1.31894712036529	1.15494088253646	0.787619341510534	0.444596535773379	TRUE
37	1:163500000	1	163500000	0.946133130371033	0.993317420618141	0.565136883385125	0.0088480552838736	0.00152072842189184	0.00527514674341481	-1.31894712036529	1.15494088253646	0.787619341510534	0.444596535773379	TRUE
485	1:1.72e+08	1	1.72e+08	0	0.992889959685209	0.00305081746007122	0	0.0304864169994951	0.00181150790689926	0.145306848282467	2.59696215624448	0.759034074302674	0.828071679743539	TRUE
485	1:1.6e+08	1	1.6e+08	0	0.992889959685209	0.00305081746007122	0	0.0304864169994951	0.00181150790689926	0.145306848282467	2.59696215624448	0.759034074302674	0.828071679743539	TRUE
485	1:1.9e+08	1	1.9e+08	0	0.992889959685209	0.00305081746007122	0	0.0304864169994951	0.00181150790689926	0.145306848282467	2.59696215624448	0.759034074302674	0.828071679743539	TRUE
485	1:1.96e+08	1	1.96e+08	0	0.992889959685209	0.00305081746007122	0	0.0304864169994951	0.00181150790689926	0.145306848282467	2.59696215624448	0.759034074302674	0.828071679743539	TRUE
485	1:1.98e+08	1	1.98e+08	0	0.992889959685209	0.00305081746007122	0	0.0304864169994951	0.00181150790689926	0.145306848282467	2.59696215624448	0.759034074302674	0.828071679743539	TRUE
485	1:1.53e+08	1	1.53e+08	0	0.992889959685209	0.00305081746007122	0	0.0304864169994951	0.00181150790689926	0.145306848282467	2.59696215624448	0.759034074302674	0.828071679743539	TRUE
485	1:1.71e+08	1	1.71e+08	0	0.992889959685209	0.00305081746007122	0	0.0304864169994951	0.00181150790689926	0.145306848282467	2.59696215624448	0.759034074302674	0.828071679743539	TRUE
485	1:1.59e+08	1	1.59e+08	0	0.992889959685209	0.00305081746007122	0	0.0304864169994951	0.00181150790689926	0.145306848282467	2.59696215624448	0.759034074302674	0.828071679743539	TRUE
485	1:1.69e+08	1	1.69e+08	0	0.992889959685209	0.00305081746007122	0	0.0304864169994951	0.00181150790689926	0.145306848282467	2.59696215624448	0.759034074302674	0.828071679743539	TRUE
485	1:1.57e+08	1	1.57e+08	0	0.992889959685209	0.00305081746007122	0	0.0304864169994951	0.00181150790689926	0.145306848282467	2.59696215624448	0.759034074302674	0.828071679743539	TRUE
485	1:1.62e+08	1	1.62e+08	0	0.992889959685209	0.00305081746007122	0	0.0304864169994951	0.00181150790689926	0.145306848282467	2.59696215624448	0.759034074302674	0.828071679743539	TRUE
485	1:206500000	1	206500000	0	0.992889959685209	0.00305081746007122	0	0.0304864169994951	0.00181150790689926	0.145306848282467	2.59696215624448	0.759034074302674	0.828071679743539	TRUE
485	1:1.56e+08	1	1.56e+08	0	0.992889959685209	0.00305081746007122	0	0.0304864169994951	0.00181150790689926	0.145306848282467	2.59696215624448	0.759034074302674	0.828071679743539	TRUE
485	1:1.61e+08	1	1.61e+08	0	0.992889959685209	0.00305081746007122	0	0.0304864169994951	0.00181150790689926	0.145306848282467	2.59696215624448	0.759034074302674	0.828071679743539	TRUE
485	1:1.88e+08	1	1.88e+08	0	0.992889959685209	0.00305081746007122	0	0.0304864169994951	0.00181150790689926	0.145306848282467	2.59696215624448	0.759034074302674	0.828071679743539	TRUE
485	1:1.64e+08	1	1.64e+08	0	0.992889959685209	0.00305081746007122	0	0.0304864169994951	0.00181150790689926	0.145306848282467	2.59696215624448	0.759034074302674	0.828071679743539	TRUE
485	1:1.55e+08	1	1.55e+08	0	0.992889959685209	0.00305081746007122	0	0.0304864169994951	0.00181150790689926	0.145306848282467	2.59696215624448	0.759034074302674	0.828071679743539	TRUE
485	1:1.63e+08	1	1.63e+08	0	0.992889959685209	0.00305081746007122	0	0.0304864169994951	0.00181150790689926	0.145306848282467	2.59696215624448	0.759034074302674	0.828071679743539	TRUE
485	1:1.65e+08	1	1.65e+08	0	0.992889959685209	0.00305081746007122	0	0.0304864169994951	0.00181150790689926	0.145306848282467	2.59696215624448	0.759034074302674	0.828071679743539	TRUE
485	1:1.99e+08	1	1.99e+08	0	0.992889959685209	0.00305081746007122	0	0.0304864169994951	0.00181150790689926	0.145306848282467	2.59696215624448	0.759034074302674	0.828071679743539	TRUE
485	1:172500000	1	172500000	0	0.992889959685209	0.00305081746007122	0	0.0304864169994951	0.00181150790689926	0.145306848282467	2.59696215624448	0.759034074302674	0.828071679743539	TRUE
485	1:1.91e+08	1	1.91e+08	0	0.992889959685209	0.00305081746007122	0	0.0304864169994951	0.00181150790689926	0.145306848282467	2.59696215624448	0.759034074302674	0.828071679743539	TRUE
485	1:1.66e+08	1	1.66e+08	0	0.992889959685209	0.00305081746007122	0	0.0304864169994951	0.00181150790689926	0.145306848282467	2.59696215624448	0.759034074302674	0.828071679743539	TRUE
485	1:1.67e+08	1	1.67e+08	0	0.992889959685209	0.00305081746007122	0	0.0304864169994951	0.00181150790689926	0.145306848282467	2.59696215624448	0.759034074302674	0.828071679743539	TRUE
485	1:175500000	1	175500000	0	0.992889959685209	0.00305081746007122	0	0.0304864169994951	0.00181150790689926	0.145306848282467	2.59696215624448	0.759034074302674	0.828071679743539	TRUE
485	1:1.68e+08	1	1.68e+08	0	0.992889959685209	0.00305081746007122	0	0.0304864169994951	0.00181150790689926	0.145306848282467	2.59696215624448	0.759034074302674	0.828071679743539	TRUE
485	1:1.95e+08	1	1.95e+08	0	0.992889959685209	0.00305081746007122	0	0.0304864169994951	0.00181150790689926	0.145306848282467	2.59696215624448	0.759034074302674	0.828071679743539	TRUE
485	1:151500000	1	151500000	0	0.992889959685209	0.00305081746007122	0	0.0304864169994951	0.00181150790689926	0.145306848282467	2.59696215624448	0.759034074302674	0.828071679743539	TRUE
485	1:152500000	1	152500000	0	0.992889959685209	0.00305081746007122	0	0.0304864169994951	0.00181150790689926	0.145306848282467	2.59696215624448	0.759034074302674	0.828071679743539	TRUE
485	1:153500000	1	153500000	0	0.992889959685209	0.00305081746007122	0	0.0304864169994951	0.00181150790689926	0.145306848282467	2.59696215624448	0.759034074302674	0.828071679743539	TRUE
485	1:154500000	1	154500000	0	0.992889959685209	0.00305081746007122	0	0.0304864169994951	0.00181150790689926	0.145306848282467	2.59696215624448	0.759034074302674	0.828071679743539	TRUE
485	1:1.97e+08	1	1.97e+08	0	0.992889959685209	0.00305081746007122	0	0.0304864169994951	0.00181150790689926	0.145306848282467	2.59696215624448	0.759034074302674	0.828071679743539	TRUE
485	1:156500000	1	156500000	0	0.992889959685209	0.00305081746007122	0	0.0304864169994951	0.00181150790689926	0.145306848282467	2.59696215624448	0.759034074302674	0.828071679743539	TRUE
485	1:157500000	1	157500000	0	0.992889959685209	0.00305081746007122	0	0.0304864169994951	0.00181150790689926	0.145306848282467	2.59696215624448	0.759034074302674	0.828071679743539	TRUE
485	1:158500000	1	158500000	0	0.992889959685209	0.00305081746007122	0	0.0304864169994951	0.00181150790689926	0.145306848282467	2.59696215624448	0.759034074302674	0.828071679743539	TRUE
485	1:1.74e+08	1	1.74e+08	0	0.992889959685209	0.00305081746007122	0	0.0304864169994951	0.00181150790689926	0.145306848282467	2.59696215624448	0.759034074302674	0.828071679743539	TRUE
485	1:1.75e+08	1	1.75e+08	0	0.992889959685209	0.00305081746007122	0	0.0304864169994951	0.00181150790689926	0.145306848282467	2.59696215624448	0.759034074302674	0.828071679743539	TRUE
485	1:161500000	1	161500000	0	0.992889959685209	0.00305081746007122	0	0.0304864169994951	0.00181150790689926	0.145306848282467	2.59696215624448	0.759034074302674	0.828071679743539	TRUE
485	1:184500000	1	184500000	0	0.992889959685209	0.00305081746007122	0	0.0304864169994951	0.00181150790689926	0.145306848282467	2.59696215624448	0.759034074302674	0.828071679743539	TRUE
485	1:1.76e+08	1	1.76e+08	0	0.992889959685209	0.00305081746007122	0	0.0304864169994951	0.00181150790689926	0.145306848282467	2.59696215624448	0.759034074302674	0.828071679743539	TRUE
485	1:1.52e+08	1	1.52e+08	0	0.992889959685209	0.00305081746007122	0	0.0304864169994951	0.00181150790689926	0.145306848282467	2.59696215624448	0.759034074302674	0.828071679743539	TRUE
485	1:1.78e+08	1	1.78e+08	0	0.992889959685209	0.00305081746007122	0	0.0304864169994951	0.00181150790689926	0.145306848282467	2.59696215624448	0.759034074302674	0.828071679743539	TRUE
485	1:1.54e+08	1	1.54e+08	0	0.992889959685209	0.00305081746007122	0	0.0304864169994951	0.00181150790689926	0.145306848282467	2.59696215624448	0.759034074302674	0.828071679743539	TRUE
485	1:1.7e+08	1	1.7e+08	0	0.992889959685209	0.00305081746007122	0	0.0304864169994951	0.00181150790689926	0.145306848282467	2.59696215624448	0.759034074302674	0.828071679743539	TRUE
485	1:1.81e+08	1	1.81e+08	0	0.992889959685209	0.00305081746007122	0	0.0304864169994951	0.00181150790689926	0.145306848282467	2.59696215624448	0.759034074302674	0.828071679743539	TRUE
485	1:1.82e+08	1	1.82e+08	0	0.992889959685209	0.00305081746007122	0	0.0304864169994951	0.00181150790689926	0.145306848282467	2.59696215624448	0.759034074302674	0.828071679743539	TRUE
485	1:1.58e+08	1	1.58e+08	0	0.992889959685209	0.00305081746007122	0	0.0304864169994951	0.00181150790689926	0.145306848282467	2.59696215624448	0.759034074302674	0.828071679743539	TRUE
485	1:165500000	1	165500000	0	0.992889959685209	0.00305081746007122	0	0.0304864169994951	0.00181150790689926	0.145306848282467	2.59696215624448	0.759034074302674	0.828071679743539	TRUE
485	1:1.84e+08	1	1.84e+08	0	0.992889959685209	0.00305081746007122	0	0.0304864169994951	0.00181150790689926	0.145306848282467	2.59696215624448	0.759034074302674	0.828071679743539	TRUE
485	1:192500000	1	192500000	0	0.992889959685209	0.00305081746007122	0	0.0304864169994951	0.00181150790689926	0.145306848282467	2.59696215624448	0.759034074302674	0.828071679743539	TRUE
485	1:1.85e+08	1	1.85e+08	0	0.992889959685209	0.00305081746007122	0	0.0304864169994951	0.00181150790689926	0.145306848282467	2.59696215624448	0.759034074302674	0.828071679743539	TRUE
485	1:2.08e+08	1	2.08e+08	0	0.992889959685209	0.00305081746007122	0	0.0304864169994951	0.00181150790689926	0.145306848282467	2.59696215624448	0.759034074302674	0.828071679743539	TRUE
485	1:1.86e+08	1	1.86e+08	0	0.992889959685209	0.00305081746007122	0	0.0304864169994951	0.00181150790689926	0.145306848282467	2.59696215624448	0.759034074302674	0.828071679743539	TRUE
485	1:1.87e+08	1	1.87e+08	0	0.992889959685209	0.00305081746007122	0	0.0304864169994951	0.00181150790689926	0.145306848282467	2.59696215624448	0.759034074302674	0.828071679743539	TRUE
485	1:1.77e+08	1	1.77e+08	0	0.992889959685209	0.00305081746007122	0	0.0304864169994951	0.00181150790689926	0.145306848282467	2.59696215624448	0.759034074302674	0.828071679743539	TRUE
485	1:1.89e+08	1	1.89e+08	0	0.992889959685209	0.00305081746007122	0	0.0304864169994951	0.00181150790689926	0.145306848282467	2.59696215624448	0.759034074302674	0.828071679743539	TRUE
485	1:1.8e+08	1	1.8e+08	0	0.992889959685209	0.00305081746007122	0	0.0304864169994951	0.00181150790689926	0.145306848282467	2.59696215624448	0.759034074302674	0.828071679743539	TRUE
485	1:171500000	1	171500000	0	0.992889959685209	0.00305081746007122	0	0.0304864169994951	0.00181150790689926	0.145306848282467	2.59696215624448	0.759034074302674	0.828071679743539	TRUE
485	1:1.92e+08	1	1.92e+08	0	0.992889959685209	0.00305081746007122	0	0.0304864169994951	0.00181150790689926	0.145306848282467	2.59696215624448	0.759034074302674	0.828071679743539	TRUE
485	1:1.93e+08	1	1.93e+08	0	0.992889959685209	0.00305081746007122	0	0.0304864169994951	0.00181150790689926	0.145306848282467	2.59696215624448	0.759034074302674	0.828071679743539	TRUE
485	1:2.04e+08	1	2.04e+08	0	0.992889959685209	0.00305081746007122	0	0.0304864169994951	0.00181150790689926	0.145306848282467	2.59696215624448	0.759034074302674	0.828071679743539	TRUE
485	1:174500000	1	174500000	0	0.992889959685209	0.00305081746007122	0	0.0304864169994951	0.00181150790689926	0.145306848282467	2.59696215624448	0.759034074302674	0.828071679743539	TRUE
485	1:1.94e+08	1	1.94e+08	0	0.992889959685209	0.00305081746007122	0	0.0304864169994951	0.00181150790689926	0.145306848282467	2.59696215624448	0.759034074302674	0.828071679743539	TRUE
485	1:196500000	1	196500000	0	0.992889959685209	0.00305081746007122	0	0.0304864169994951	0.00181150790689926	0.145306848282467	2.59696215624448	0.759034074302674	0.828071679743539	TRUE
485	1:167500000	1	167500000	0	0.992889959685209	0.00305081746007122	0	0.0304864169994951	0.00181150790689926	0.145306848282467	2.59696215624448	0.759034074302674	0.828071679743539	TRUE
485	1:205500000	1	205500000	0	0.992889959685209	0.00305081746007122	0	0.0304864169994951	0.00181150790689926	0.145306848282467	2.59696215624448	0.759034074302674	0.828071679743539	TRUE
485	1:176500000	1	176500000	0	0.992889959685209	0.00305081746007122	0	0.0304864169994951	0.00181150790689926	0.145306848282467	2.59696215624448	0.759034074302674	0.828071679743539	TRUE
485	1:169500000	1	169500000	0	0.992889959685209	0.00305081746007122	0	0.0304864169994951	0.00181150790689926	0.145306848282467	2.59696215624448	0.759034074302674	0.828071679743539	TRUE
485	1:177500000	1	177500000	0	0.992889959685209	0.00305081746007122	0	0.0304864169994951	0.00181150790689926	0.145306848282467	2.59696215624448	0.759034074302674	0.828071679743539	TRUE
485	1:178500000	1	178500000	0	0.992889959685209	0.00305081746007122	0	0.0304864169994951	0.00181150790689926	0.145306848282467	2.59696215624448	0.759034074302674	0.828071679743539	TRUE
485	1:179500000	1	179500000	0	0.992889959685209	0.00305081746007122	0	0.0304864169994951	0.00181150790689926	0.145306848282467	2.59696215624448	0.759034074302674	0.828071679743539	TRUE
485	1:155500000	1	155500000	0	0.992889959685209	0.00305081746007122	0	0.0304864169994951	0.00181150790689926	0.145306848282467	2.59696215624448	0.759034074302674	0.828071679743539	TRUE
485	1:181500000	1	181500000	0	0.992889959685209	0.00305081746007122	0	0.0304864169994951	0.00181150790689926	0.145306848282467	2.59696215624448	0.759034074302674	0.828071679743539	TRUE
485	1:1.83e+08	1	1.83e+08	0	0.992889959685209	0.00305081746007122	0	0.0304864169994951	0.00181150790689926	0.145306848282467	2.59696215624448	0.759034074302674	0.828071679743539	TRUE
485	1:182500000	1	182500000	0	0.992889959685209	0.00305081746007122	0	0.0304864169994951	0.00181150790689926	0.145306848282467	2.59696215624448	0.759034074302674	0.828071679743539	TRUE
485	1:159500000	1	159500000	0	0.992889959685209	0.00305081746007122	0	0.0304864169994951	0.00181150790689926	0.145306848282467	2.59696215624448	0.759034074302674	0.828071679743539	TRUE
485	1:160500000	1	160500000	0	0.992889959685209	0.00305081746007122	0	0.0304864169994951	0.00181150790689926	0.145306848282467	2.59696215624448	0.759034074302674	0.828071679743539	TRUE
485	1:183500000	1	183500000	0	0.992889959685209	0.00305081746007122	0	0.0304864169994951	0.00181150790689926	0.145306848282467	2.59696215624448	0.759034074302674	0.828071679743539	TRUE
485	1:2.07e+08	1	2.07e+08	0	0.992889959685209	0.00305081746007122	0	0.0304864169994951	0.00181150790689926	0.145306848282467	2.59696215624448	0.759034074302674	0.828071679743539	TRUE
485	1:162500000	1	162500000	0	0.992889959685209	0.00305081746007122	0	0.0304864169994951	0.00181150790689926	0.145306848282467	2.59696215624448	0.759034074302674	0.828071679743539	TRUE
485	1:197500000	1	197500000	0	0.992889959685209	0.00305081746007122	0	0.0304864169994951	0.00181150790689926	0.145306848282467	2.59696215624448	0.759034074302674	0.828071679743539	TRUE
485	1:186500000	1	186500000	0	0.992889959685209	0.00305081746007122	0	0.0304864169994951	0.00181150790689926	0.145306848282467	2.59696215624448	0.759034074302674	0.828071679743539	TRUE
485	1:1.79e+08	1	1.79e+08	0	0.992889959685209	0.00305081746007122	0	0.0304864169994951	0.00181150790689926	0.145306848282467	2.59696215624448	0.759034074302674	0.828071679743539	TRUE
485	1:163500000	1	163500000	0	0.992889959685209	0.00305081746007122	0	0.0304864169994951	0.00181150790689926	0.145306848282467	2.59696215624448	0.759034074302674	0.828071679743539	TRUE
485	1:164500000	1	164500000	0	0.992889959685209	0.00305081746007122	0	0.0304864169994951	0.00181150790689926	0.145306848282467	2.59696215624448	0.759034074302674	0.828071679743539	TRUE
485	1:190500000	1	190500000	0	0.992889959685209	0.00305081746007122	0	0.0304864169994951	0.00181150790689926	0.145306848282467	2.59696215624448	0.759034074302674	0.828071679743539	TRUE
485	1:2.03e+08	1	2.03e+08	0	0.992889959685209	0.00305081746007122	0	0.0304864169994951	0.00181150790689926	0.145306848282467	2.59696215624448	0.759034074302674	0.828071679743539	TRUE
485	1:202500000	1	202500000	0	0.992889959685209	0.00305081746007122	0	0.0304864169994951	0.00181150790689926	0.145306848282467	2.59696215624448	0.759034074302674	0.828071679743539	TRUE
485	1:166500000	1	166500000	0	0.992889959685209	0.00305081746007122	0	0.0304864169994951	0.00181150790689926	0.145306848282467	2.59696215624448	0.759034074302674	0.828071679743539	TRUE
485	1:204500000	1	204500000	0	0.992889959685209	0.00305081746007122	0	0.0304864169994951	0.00181150790689926	0.145306848282467	2.59696215624448	0.759034074302674	0.828071679743539	TRUE
485	1:185500000	1	185500000	0	0.992889959685209	0.00305081746007122	0	0.0304864169994951	0.00181150790689926	0.145306848282467	2.59696215624448	0.759034074302674	0.828071679743539	TRUE
485	1:170500000	1	170500000	0	0.992889959685209	0.00305081746007122	0	0.0304864169994951	0.00181150790689926	0.145306848282467	2.59696215624448	0.759034074302674	0.828071679743539	TRUE
485	1:168500000	1	168500000	0	0.992889959685209	0.00305081746007122	0	0.0304864169994951	0.00181150790689926	0.145306848282467	2.59696215624448	0.759034074302674	0.828071679743539	TRUE
485	1:207500000	1	207500000	0	0.992889959685209	0.00305081746007122	0	0.0304864169994951	0.00181150790689926	0.145306848282467	2.59696215624448	0.759034074302674	0.828071679743539	TRUE
485	1:195500000	1	195500000	0	0.992889959685209	0.00305081746007122	0	0.0304864169994951	0.00181150790689926	0.145306848282467	2.59696215624448	0.759034074302674	0.828071679743539	TRUE
485	1:200500000	1	200500000	0	0.992889959685209	0.00305081746007122	0	0.0304864169994951	0.00181150790689926	0.145306848282467	2.59696215624448	0.759034074302674	0.828071679743539	TRUE
485	1:194500000	1	194500000	0	0.992889959685209	0.00305081746007122	0	0.0304864169994951	0.00181150790689926	0.145306848282467	2.59696215624448	0.759034074302674	0.828071679743539	TRUE
485	1:2.01e+08	1	2.01e+08	0	0.992889959685209	0.00305081746007122	0	0.0304864169994951	0.00181150790689926	0.145306848282467	2.59696215624448	0.759034074302674	0.828071679743539	TRUE
485	1:2.06e+08	1	2.06e+08	0	0.992889959685209	0.00305081746007122	0	0.0304864169994951	0.00181150790689926	0.145306848282467	2.59696215624448	0.759034074302674	0.828071679743539	TRUE
485	1:193500000	1	193500000	0	0.992889959685209	0.00305081746007122	0	0.0304864169994951	0.00181150790689926	0.145306848282467	2.59696215624448	0.759034074302674	0.828071679743539	TRUE
485	1:191500000	1	191500000	0	0.992889959685209	0.00305081746007122	0	0.0304864169994951	0.00181150790689926	0.145306848282467	2.59696215624448	0.759034074302674	0.828071679743539	TRUE
485	1:2e+08	1	2e+08	0	0.992889959685209	0.00305081746007122	0	0.0304864169994951	0.00181150790689926	0.145306848282467	2.59696215624448	0.759034074302674	0.828071679743539	TRUE
485	1:188500000	1	188500000	0	0.992889959685209	0.00305081746007122	0	0.0304864169994951	0.00181150790689926	0.145306848282467	2.59696215624448	0.759034074302674	0.828071679743539	TRUE
485	1:180500000	1	180500000	0	0.992889959685209	0.00305081746007122	0	0.0304864169994951	0.00181150790689926	0.145306848282467	2.59696215624448	0.759034074302674	0.828071679743539	TRUE
485	1:198500000	1	198500000	0	0.992889959685209	0.00305081746007122	0	0.0304864169994951	0.00181150790689926	0.145306848282467	2.59696215624448	0.759034074302674	0.828071679743539	TRUE
485	1:199500000	1	199500000	0	0.992889959685209	0.00305081746007122	0	0.0304864169994951	0.00181150790689926	0.145306848282467	2.59696215624448	0.759034074302674	0.828071679743539	TRUE
485	1:2.05e+08	1	2.05e+08	0	0.992889959685209	0.00305081746007122	0	0.0304864169994951	0.00181150790689926	0.145306848282467	2.59696215624448	0.759034074302674	0.828071679743539	TRUE
485	1:203500000	1	203500000	0	0.992889959685209	0.00305081746007122	0	0.0304864169994951	0.00181150790689926	0.145306848282467	2.59696215624448	0.759034074302674	0.828071679743539	TRUE
485	1:2.02e+08	1	2.02e+08	0	0.992889959685209	0.00305081746007122	0	0.0304864169994951	0.00181150790689926	0.145306848282467	2.59696215624448	0.759034074302674	0.828071679743539	TRUE
485	1:208500000	1	208500000	0	0.992889959685209	0.00305081746007122	0	0.0304864169994951	0.00181150790689926	0.145306848282467	2.59696215624448	0.759034074302674	0.828071679743539	TRUE
485	1:187500000	1	187500000	0	0.992889959685209	0.00305081746007122	0	0.0304864169994951	0.00181150790689926	0.145306848282467	2.59696215624448	0.759034074302674	0.828071679743539	TRUE
485	1:201500000	1	201500000	0	0.992889959685209	0.00305081746007122	0	0.0304864169994951	0.00181150790689926	0.145306848282467	2.59696215624448	0.759034074302674	0.828071679743539	TRUE
485	1:189500000	1	189500000	0	0.992889959685209	0.00305081746007122	0	0.0304864169994951	0.00181150790689926	0.145306848282467	2.59696215624448	0.759034074302674	0.828071679743539	TRUE
49	1:194500000	1	194500000	0.726371554341845	0.974234573251338	0.246964461115364	0.0376919191258724	0.00566135545492247	0.00448535943556075	-0.631479569895802	1.31555280440269	0.0355768395698367	0.413920061583775	TRUE
49	1:1.96e+08	1	1.96e+08	0.726371554341845	0.974234573251338	0.246964461115364	0.0376919191258724	0.00566135545492247	0.00448535943556075	-0.631479569895802	1.31555280440269	0.0355768395698367	0.413920061583775	TRUE
49	1:193500000	1	193500000	0.726371554341845	0.974234573251338	0.246964461115364	0.0376919191258724	0.00566135545492247	0.00448535943556075	-0.631479569895802	1.31555280440269	0.0355768395698367	0.413920061583775	TRUE
49	1:195500000	1	195500000	0.726371554341845	0.974234573251338	0.246964461115364	0.0376919191258724	0.00566135545492247	0.00448535943556075	-0.631479569895802	1.31555280440269	0.0355768395698367	0.413920061583775	TRUE
49	1:1.94e+08	1	1.94e+08	0.726371554341845	0.974234573251338	0.246964461115364	0.0376919191258724	0.00566135545492247	0.00448535943556075	-0.631479569895802	1.31555280440269	0.0355768395698367	0.413920061583775	TRUE
49	1:196500000	1	196500000	0.726371554341845	0.974234573251338	0.246964461115364	0.0376919191258724	0.00566135545492247	0.00448535943556075	-0.631479569895802	1.31555280440269	0.0355768395698367	0.413920061583775	TRUE
62	1:196500000	1	196500000	0.845049419291941	0.997479871299454	0.0706091735812631	0.0462282806860987	0.00128222395695178	0.00280619930602257	-0.666590210451159	2.13785934450615	0.729132181185925	0.473639245409584	TRUE
62	1:1.96e+08	1	1.96e+08	0.845049419291941	0.997479871299454	0.0706091735812631	0.0462282806860987	0.00128222395695178	0.00280619930602257	-0.666590210451159	2.13785934450615	0.729132181185925	0.473639245409584	TRUE
62	1:194500000	1	194500000	0.845049419291941	0.997479871299454	0.0706091735812631	0.0462282806860987	0.00128222395695178	0.00280619930602257	-0.666590210451159	2.13785934450615	0.729132181185925	0.473639245409584	TRUE
62	1:1.93e+08	1	1.93e+08	0.845049419291941	0.997479871299454	0.0706091735812631	0.0462282806860987	0.00128222395695178	0.00280619930602257	-0.666590210451159	2.13785934450615	0.729132181185925	0.473639245409584	TRUE
62	1:192500000	1	192500000	0.845049419291941	0.997479871299454	0.0706091735812631	0.0462282806860987	0.00128222395695178	0.00280619930602257	-0.666590210451159	2.13785934450615	0.729132181185925	0.473639245409584	TRUE
62	1:193500000	1	193500000	0.845049419291941	0.997479871299454	0.0706091735812631	0.0462282806860987	0.00128222395695178	0.00280619930602257	-0.666590210451159	2.13785934450615	0.729132181185925	0.473639245409584	TRUE
62	1:1.94e+08	1	1.94e+08	0.845049419291941	0.997479871299454	0.0706091735812631	0.0462282806860987	0.00128222395695178	0.00280619930602257	-0.666590210451159	2.13785934450615	0.729132181185925	0.473639245409584	TRUE
62	1:195500000	1	195500000	0.845049419291941	0.997479871299454	0.0706091735812631	0.0462282806860987	0.00128222395695178	0.00280619930602257	-0.666590210451159	2.13785934450615	0.729132181185925	0.473639245409584	TRUE
64	1:148500000	1	148500000	0.99677245993297	0.998264678184713	0.999070047695656	0.0094798362734572	0.00557118322202473	0.000847454406894143	-3.01719414103735	-0.0945423096348482	0.127720163308541	0.323319620976078	TRUE
64	1:150500000	1	150500000	0.99677245993297	0.998264678184713	0.999070047695656	0.0094798362734572	0.00557118322202473	0.000847454406894143	-3.01719414103735	-0.0945423096348482	0.127720163308541	0.323319620976078	TRUE
64	1:1.51e+08	1	1.51e+08	0.99677245993297	0.998264678184713	0.999070047695656	0.0094798362734572	0.00557118322202473	0.000847454406894143	-3.01719414103735	-0.0945423096348482	0.127720163308541	0.323319620976078	TRUE
64	1:1.48e+08	1	1.48e+08	0.99677245993297	0.998264678184713	0.999070047695656	0.0094798362734572	0.00557118322202473	0.000847454406894143	-3.01719414103735	-0.0945423096348482	0.127720163308541	0.323319620976078	TRUE
64	1:1.49e+08	1	1.49e+08	0.99677245993297	0.998264678184713	0.999070047695656	0.0094798362734572	0.00557118322202473	0.000847454406894143	-3.01719414103735	-0.0945423096348482	0.127720163308541	0.323319620976078	TRUE
64	1:149500000	1	149500000	0.99677245993297	0.998264678184713	0.999070047695656	0.0094798362734572	0.00557118322202473	0.000847454406894143	-3.01719414103735	-0.0945423096348482	0.127720163308541	0.323319620976078	TRUE
64	1:1.5e+08	1	1.5e+08	0.99677245993297	0.998264678184713	0.999070047695656	0.0094798362734572	0.00557118322202473	0.000847454406894143	-3.01719414103735	-0.0945423096348482	0.127720163308541	0.323319620976078	TRUE
