chrom	start	end	length
NC_035107.1	601719	603524	1805
NC_035107.1	3589262	3591827	2565
NC_035107.1	3599021	3601243	2222
NC_035107.1	4303967	4305986	2019
NC_035107.1	4338371	4340289	1918
NC_035107.1	6470379	6472572	2193
NC_035107.1	6973127	6975517	2390
NC_035107.1	6981792	6983608	1816
NC_035107.1	7669440	7672132	2692
NC_035107.1	7720950	7723294	2344
NC_035107.1	8408571	8410378	1807
NC_035107.1	9450171	9452008	1837
NC_035107.1	12223051	12225252	2201
NC_035107.1	12721386	12724457	3071
NC_035107.1	12789885	12793191	3306
NC_035107.1	12794208	12796311	2103
NC_035107.1	25865635	25867608	1973
NC_035107.1	37167079	37168941	1862
NC_035107.1	37294304	37296233	1929
NC_035107.1	40659818	40662239	2421
NC_035107.1	40978585	40981281	2696
NC_035107.1	41459745	41461587	1842
NC_035107.1	41854570	41856509	1939
NC_035107.1	42219254	42221093	1839
NC_035107.1	42234108	42235910	1802
NC_035107.1	46455377	46457572	2195
NC_035107.1	46830564	46834606	4042
NC_035107.1	50267578	50269424	1846
NC_035107.1	50317611	50319508	1897
NC_035107.1	50414734	50416613	1879
NC_035107.1	50435136	50437033	1897
NC_035107.1	50565831	50567910	2079
NC_035107.1	51756542	51758591	2049
NC_035107.1	53171447	53173773	2326
NC_035107.1	53181271	53183150	1879
NC_035107.1	54142785	54145480	2695
NC_035107.1	56986423	56988328	1905
NC_035107.1	64851555	64853517	1962
NC_035107.1	74645780	74647704	1924
NC_035107.1	76359112	76360947	1835
NC_035107.1	78360328	78362240	1912
NC_035107.1	82496669	82498500	1831
NC_035107.1	83978605	83980777	2172
NC_035107.1	87434501	87436336	1835
NC_035107.1	91799081	91801323	2242
NC_035107.1	91801518	91804139	2621
NC_035107.1	93576432	93578353	1921
NC_035107.1	93585675	93587500	1825
NC_035107.1	96399333	96401134	1801
NC_035107.1	99313900	99315784	1884
NC_035107.1	99332686	99334590	1904
NC_035107.1	99478312	99480532	2220
NC_035107.1	99967099	99968892	1793
NC_035107.1	100079604	100081866	2262
NC_035107.1	100357824	100360812	2988
NC_035107.1	106149288	106151226	1938
NC_035107.1	107040126	107041971	1845
NC_035107.1	107077158	107079021	1863
NC_035107.1	107110720	107112958	2238
NC_035107.1	107127786	107130572	2786
NC_035107.1	107167266	107169371	2105
NC_035107.1	109545574	109548011	2437
NC_035107.1	111035573	111037651	2078
NC_035107.1	113755090	113757370	2280
NC_035107.1	113880877	113882923	2046
NC_035107.1	114420661	114423661	3000
NC_035107.1	124720750	124723343	2593
NC_035107.1	128466577	128469099	2522
NC_035107.1	133040153	133042812	2659
NC_035107.1	134789094	134790942	1848
NC_035107.1	140358231	140360566	2335
NC_035107.1	140972000	140974363	2363
NC_035107.1	141014852	141016864	2012
NC_035107.1	141020672	141023637	2965
NC_035107.1	141509290	141511298	2008
NC_035107.1	143208567	143210883	2316
NC_035107.1	147152184	147154655	2471
NC_035107.1	149617888	149620155	2267
NC_035107.1	150915057	150917240	2183
NC_035107.1	156314037	156316843	2806
NC_035107.1	158077290	158079785	2495
NC_035107.1	158087917	158089881	1964
NC_035107.1	162374402	162376608	2206
NC_035107.1	165433722	165435676	1954
NC_035107.1	166379322	166381834	2512
NC_035107.1	167030717	167032862	2145
NC_035107.1	169574996	169578599	3603
NC_035107.1	169995913	169999343	3430
NC_035107.1	170343047	170345049	2002
NC_035107.1	179288373	179290721	2348
NC_035107.1	179825798	179827607	1809
NC_035107.1	187664040	187666190	2150
NC_035107.1	189179672	189181808	2136
NC_035107.1	196605510	196608000	2490
NC_035107.1	196682237	196684241	2004
NC_035107.1	196795943	196798495	2552
NC_035107.1	197023832	197025650	1818
NC_035107.1	202169394	202171992	2598
NC_035107.1	202219506	202221654	2148
NC_035107.1	205115395	205117877	2482
NC_035107.1	207283917	207285714	1797
NC_035107.1	207459893	207462275	2382
NC_035107.1	210488630	210490448	1818
NC_035107.1	213011695	213013576	1881
NC_035107.1	213016274	213018140	1866
NC_035107.1	229276067	229277877	1810
NC_035107.1	232436376	232438532	2156
NC_035107.1	232593616	232595550	1934
NC_035107.1	234678526	234680362	1836
NC_035107.1	236490708	236492600	1892
NC_035107.1	242241298	242244070	2772
NC_035107.1	250207342	250209625	2283
NC_035107.1	259528259	259530155	1896
NC_035107.1	261760915	261762948	2033
NC_035107.1	262447979	262449822	1843
NC_035107.1	263577253	263579173	1920
NC_035107.1	269202203	269204021	1818
NC_035107.1	272911733	272914104	2371
NC_035107.1	273437308	273439128	1820
NC_035107.1	277985012	277987188	2176
NC_035107.1	281506826	281508765	1939
NC_035107.1	289524738	289526663	1925
NC_035107.1	290002437	290004469	2032
NC_035107.1	295716514	295718326	1812
NC_035107.1	303438292	303440195	1903
NC_035107.1	303476567	303478465	1898
NC_035107.1	304760056	304762064	2008
NC_035107.1	306832253	306834345	2092
NC_035107.1	308354071	308356046	1975
NC_035107.1	308504316	308506240	1924
NC_035107.1	308523755	308525548	1793
NC_035107.1	308665475	308667320	1845
NC_035107.1	308686039	308687921	1882
NC_035107.1	308764743	308767023	2280
NC_035107.1	308963644	308966499	2855
NC_035107.1	309014559	309016592	2033
NC_035107.1	310062837	310065111	2274
NC_035108.1	2732608	2734647	2039
NC_035108.1	10993301	10995326	2025
NC_035108.1	18582798	18585423	2625
NC_035108.1	18593705	18595591	1886
NC_035108.1	25461799	25463693	1894
NC_035108.1	30174900	30177003	2103
NC_035108.1	32804890	32807109	2219
NC_035108.1	34774450	34776418	1968
NC_035108.1	34924003	34925848	1845
NC_035108.1	38664896	38666873	1977
NC_035108.1	42756601	42758681	2080
NC_035108.1	43010568	43012660	2092
NC_035108.1	45389245	45395298	6053
NC_035108.1	50285232	50287356	2124
NC_035108.1	52014274	52016136	1862
NC_035108.1	52911790	52914128	2338
NC_035108.1	54878058	54879984	1926
NC_035108.1	56092082	56094184	2102
NC_035108.1	56352972	56355399	2427
NC_035108.1	56455999	56458036	2037
NC_035108.1	56483232	56486004	2772
NC_035108.1	56491640	56493948	2308
NC_035108.1	56532909	56536194	3285
NC_035108.1	56686187	56688179	1992
NC_035108.1	56778216	56780061	1845
NC_035108.1	60756709	60758689	1980
NC_035108.1	72836036	72837910	1874
NC_035108.1	73162120	73164855	2735
NC_035108.1	73335561	73337559	1998
NC_035108.1	74538648	74540473	1825
NC_035108.1	78183467	78185564	2097
NC_035108.1	81037788	81039614	1826
NC_035108.1	86172480	86174310	1830
NC_035108.1	86882842	86885490	2648
NC_035108.1	88788252	88790996	2744
NC_035108.1	90069086	90071617	2531
NC_035108.1	100803722	100805672	1950
NC_035108.1	103870696	103872492	1796
NC_035108.1	104069140	104071087	1947
NC_035108.1	105991683	105993562	1879
NC_035108.1	108958736	108960547	1811
NC_035108.1	109854193	109856332	2139
NC_035108.1	113436362	113438221	1859
NC_035108.1	113504054	113505865	1811
NC_035108.1	113536540	113538458	1918
NC_035108.1	114417904	114419761	1857
NC_035108.1	116667933	116671194	3261
NC_035108.1	116732122	116733928	1806
NC_035108.1	120200112	120203738	3626
NC_035108.1	126469095	126470920	1825
NC_035108.1	130638234	130640462	2228
NC_035108.1	133129702	133131740	2038
NC_035108.1	133701242	133703339	2097
NC_035108.1	138086157	138088223	2066
NC_035108.1	138219137	138221689	2552
NC_035108.1	141852598	141854633	2035
NC_035108.1	144191694	144193920	2226
NC_035108.1	146051383	146053414	2031
NC_035108.1	154623935	154626438	2503
NC_035108.1	156985301	156987366	2065
NC_035108.1	158393389	158395182	1793
NC_035108.1	162241163	162242987	1824
NC_035108.1	162321149	162323517	2368
NC_035108.1	162390325	162392129	1804
NC_035108.1	162519110	162521335	2225
NC_035108.1	162787819	162789752	1933
NC_035108.1	163413926	163415839	1913
NC_035108.1	163722373	163724901	2528
NC_035108.1	163995762	163998029	2267
NC_035108.1	167743005	167745716	2711
NC_035108.1	174044127	174046429	2302
NC_035108.1	177756161	177758386	2225
NC_035108.1	181496343	181498192	1849
NC_035108.1	183363686	183365551	1865
NC_035108.1	185046754	185048883	2129
NC_035108.1	185340080	185342662	2582
NC_035108.1	189213037	189214845	1808
NC_035108.1	190946128	190948213	2085
NC_035108.1	192131336	192133199	1863
NC_035108.1	195807489	195809333	1844
NC_035108.1	198198717	198200947	2230
NC_035108.1	199663682	199665578	1896
NC_035108.1	200890401	200892632	2231
NC_035108.1	202415027	202416890	1863
NC_035108.1	203122356	203124222	1866
NC_035108.1	206105886	206109304	3418
NC_035108.1	207612660	207614686	2026
NC_035108.1	207756617	207758441	1824
NC_035108.1	208005410	208007344	1934
NC_035108.1	215867444	215869560	2116
NC_035108.1	220457709	220459707	1998
NC_035108.1	236211959	236213888	1929
NC_035108.1	236386948	236388847	1899
NC_035108.1	239781615	239783436	1821
NC_035108.1	243457788	243459696	1908
NC_035108.1	247307675	247309533	1858
NC_035108.1	247442502	247444731	2229
NC_035108.1	252403160	252405111	1951
NC_035108.1	252530230	252532136	1906
NC_035108.1	252595470	252597553	2083
NC_035108.1	258625162	258627180	2018
NC_035108.1	269012482	269014887	2405
NC_035108.1	270645361	270647280	1919
NC_035108.1	275220549	275222532	1983
NC_035108.1	281014305	281016275	1970
NC_035108.1	285689225	285691313	2088
NC_035108.1	291975331	291978147	2816
NC_035108.1	298119019	298120871	1852
NC_035108.1	307134606	307137160	2554
NC_035108.1	315598091	315599979	1888
NC_035108.1	319506894	319509025	2131
NC_035108.1	319530801	319532614	1813
NC_035108.1	319552345	319554504	2159
NC_035108.1	320452403	320454553	2150
NC_035108.1	325561594	325563489	1895
NC_035108.1	329138514	329140396	1882
NC_035108.1	330952179	330954010	1831
NC_035108.1	332929213	332931055	1842
NC_035108.1	336141685	336143866	2181
NC_035108.1	341654571	341656774	2203
NC_035108.1	343214230	343216096	1866
NC_035108.1	347190142	347191955	1813
NC_035108.1	348783350	348785178	1828
NC_035108.1	361810150	361812311	2161
NC_035108.1	362249790	362251875	2085
NC_035108.1	365050639	365053200	2561
NC_035108.1	365871889	365873843	1954
NC_035108.1	366072683	366074601	1918
NC_035108.1	367039583	367041800	2217
NC_035108.1	367072686	367074721	2035
NC_035108.1	367104472	367106349	1877
NC_035108.1	368228275	368230121	1846
NC_035108.1	370811739	370814082	2343
NC_035108.1	370854084	370856060	1976
NC_035108.1	370859998	370862785	2787
NC_035108.1	372416999	372419429	2430
NC_035108.1	373242581	373244389	1808
NC_035108.1	378294798	378296912	2114
NC_035108.1	379325070	379327894	2824
NC_035108.1	379360263	379362222	1959
NC_035108.1	381677976	381679825	1849
NC_035108.1	382685796	382687785	1989
NC_035108.1	382762541	382764420	1879
NC_035108.1	383931568	383933423	1855
NC_035108.1	384557757	384559771	2014
NC_035108.1	384589980	384591832	1852
NC_035108.1	384891439	384893442	2003
NC_035108.1	386686680	386688519	1839
NC_035108.1	392843193	392845006	1813
NC_035108.1	393635946	393637954	2008
NC_035108.1	393846515	393848563	2048
NC_035108.1	396854621	396856504	1883
NC_035108.1	402230992	402232804	1812
NC_035108.1	404911584	404913837	2253
NC_035108.1	407168099	407170045	1946
NC_035108.1	412631306	412633308	2002
NC_035108.1	415314509	415316317	1808
NC_035108.1	415385642	415387717	2075
NC_035108.1	415536488	415538413	1925
NC_035108.1	415669348	415671239	1891
NC_035108.1	415897193	415899007	1814
NC_035108.1	416267088	416269007	1919
NC_035108.1	416784629	416786510	1881
NC_035108.1	418238491	418241861	3370
NC_035108.1	418242418	418244366	1948
NC_035108.1	418244373	418246855	2482
NC_035108.1	418255264	418259136	3872
NC_035108.1	420265353	420267388	2035
NC_035108.1	433859547	433865292	5745
NC_035108.1	433984196	433986586	2390
NC_035108.1	439702770	439705848	3078
NC_035108.1	439705855	439708177	2322
NC_035108.1	439716209	439721621	5412
NC_035108.1	440146081	440148410	2329
NC_035108.1	440942813	440945045	2232
NC_035108.1	445155803	445157777	1974
NC_035108.1	445835800	445837822	2022
NC_035108.1	450233443	450235660	2217
NC_035108.1	452129460	452131290	1830
NC_035108.1	452249397	452252216	2819
NC_035108.1	452711696	452713581	1885
NC_035108.1	452812674	452814588	1914
NC_035108.1	452836234	452838162	1928
NC_035108.1	452854826	452856800	1974
NC_035108.1	453211053	453213997	2944
NC_035108.1	455924683	455927105	2422
NC_035108.1	457647364	457649427	2063
NC_035108.1	458433265	458435450	2185
NC_035108.1	458541576	458543510	1934
NC_035108.1	461246344	461248271	1927
NC_035108.1	461258381	461260523	2142
NC_035108.1	461291639	461293535	1896
NC_035108.1	462365788	462367608	1820
NC_035108.1	462475307	462477162	1855
NC_035108.1	466291729	466293731	2002
NC_035108.1	466934670	466937210	2540
NC_035108.1	469171454	469173998	2544
NC_035108.1	470027545	470030870	3325
NC_035108.1	470166080	470168188	2108
NC_035108.1	471371945	471374040	2095
NC_035108.1	471978389	471980441	2052
NC_035108.1	472135495	472137783	2288
NC_035108.1	473426225	473428725	2500
NC_035108.1	473519867	473521793	1926
NC_035108.1	473618580	473620885	2305
NC_035108.1	473702635	473704591	1956
NC_035108.1	473722426	473725046	2620
NC_035108.1	473806017	473808368	2351
NC_035109.1	252867	254713	1846
NC_035109.1	388076	390425	2349
NC_035109.1	555633	557565	1932
NC_035109.1	2574164	2577328	3164
NC_035109.1	3191022	3193091	2069
NC_035109.1	5515204	5517421	2217
NC_035109.1	7425737	7427586	1849
NC_035109.1	7434475	7436367	1892
NC_035109.1	7453448	7455251	1803
NC_035109.1	7481733	7483551	1818
NC_035109.1	7515725	7517543	1818
NC_035109.1	10746615	10748978	2363
NC_035109.1	11361666	11363463	1797
NC_035109.1	14010553	14012692	2139
NC_035109.1	16166932	16169017	2085
NC_035109.1	16207322	16209406	2084
NC_035109.1	16252117	16254020	1903
NC_035109.1	16285510	16287357	1847
NC_035109.1	16480170	16481997	1827
NC_035109.1	17092452	17094431	1979
NC_035109.1	17295692	17297732	2040
NC_035109.1	19831468	19833279	1811
NC_035109.1	19901458	19903400	1942
NC_035109.1	23689313	23692205	2892
NC_035109.1	28723344	28725818	2474
NC_035109.1	30362963	30365896	2933
NC_035109.1	34179745	34181597	1852
NC_035109.1	34875554	34877544	1990
NC_035109.1	36014313	36016196	1883
NC_035109.1	36059171	36061589	2418
NC_035109.1	37721427	37723427	2000
NC_035109.1	37742189	37744336	2147
NC_035109.1	37766270	37768400	2130
NC_035109.1	40610073	40612164	2091
NC_035109.1	44522006	44523874	1868
NC_035109.1	46702691	46704747	2056
NC_035109.1	50969328	50972448	3120
NC_035109.1	54645217	54647053	1836
NC_035109.1	55440462	55442382	1920
NC_035109.1	56310078	56311944	1866
NC_035109.1	56711378	56713407	2029
NC_035109.1	61657199	61659723	2524
NC_035109.1	61671059	61673112	2053
NC_035109.1	61735241	61737099	1858
NC_035109.1	64690041	64692373	2332
NC_035109.1	71820919	71822815	1896
NC_035109.1	73363413	73365229	1816
NC_035109.1	76959015	76962007	2992
NC_035109.1	87150419	87152366	1947
NC_035109.1	87229431	87231520	2089
NC_035109.1	87282637	87284490	1853
NC_035109.1	87289461	87291371	1910
NC_035109.1	87338306	87340418	2112
NC_035109.1	87358061	87359982	1921
NC_035109.1	87370632	87372945	2313
NC_035109.1	87496950	87498819	1869
NC_035109.1	90971304	90976018	4714
NC_035109.1	91015312	91017297	1985
NC_035109.1	91841432	91843552	2120
NC_035109.1	92234293	92236403	2110
NC_035109.1	93393866	93396564	2698
NC_035109.1	93585804	93587603	1799
NC_035109.1	95273004	95274958	1954
NC_035109.1	95286182	95288497	2315
NC_035109.1	99212539	99214459	1920
NC_035109.1	99618953	99621085	2132
NC_035109.1	100956083	100957979	1896
NC_035109.1	102043952	102045798	1846
NC_035109.1	103346620	103348513	1893
NC_035109.1	105730705	105733039	2334
NC_035109.1	105971788	105973951	2163
NC_035109.1	106052232	106054520	2288
NC_035109.1	106070172	106072513	2341
NC_035109.1	106555243	106557289	2046
NC_035109.1	109581589	109591042	9453
NC_035109.1	118645932	118648037	2105
NC_035109.1	118813923	118815800	1877
NC_035109.1	118949409	118951312	1903
NC_035109.1	119027181	119029145	1964
NC_035109.1	122417860	122421536	3676
NC_035109.1	123985423	123987402	1979
NC_035109.1	127222324	127225002	2678
NC_035109.1	127428074	127430014	1940
NC_035109.1	134366232	134368922	2690
NC_035109.1	134400788	134402648	1860
NC_035109.1	134648453	134650305	1852
NC_035109.1	150952212	150954485	2273
NC_035109.1	150964569	150967206	2637
NC_035109.1	158922636	158924784	2148
NC_035109.1	161252803	161255138	2335
NC_035109.1	168557029	168559019	1990
NC_035109.1	175286463	175288277	1814
NC_035109.1	180113737	180116633	2896
NC_035109.1	182490433	182492509	2076
NC_035109.1	182978937	182980879	1942
NC_035109.1	189996815	189998820	2005
NC_035109.1	190020084	190022281	2197
NC_035109.1	191321715	191324671	2956
NC_035109.1	191327524	191329346	1822
NC_035109.1	191332270	191335226	2956
NC_035109.1	191338077	191339899	1822
NC_035109.1	192899086	192902122	3036
NC_035109.1	193464765	193466694	1929
NC_035109.1	203557087	203559129	2042
NC_035109.1	208799313	208801598	2285
NC_035109.1	208868680	208870705	2025
NC_035109.1	213457389	213459295	1906
NC_035109.1	214489514	214491426	1912
NC_035109.1	214491653	214493481	1828
NC_035109.1	214497971	214500790	2819
NC_035109.1	221637071	221638901	1830
NC_035109.1	221912140	221914311	2171
NC_035109.1	224510959	224513438	2479
NC_035109.1	224812256	224814464	2208
NC_035109.1	224817072	224820140	3068
NC_035109.1	225972452	225974373	1921
NC_035109.1	228613686	228615580	1894
NC_035109.1	228990249	228992153	1904
NC_035109.1	230140742	230143434	2692
NC_035109.1	231528049	231530038	1989
NC_035109.1	238934670	238936521	1851
NC_035109.1	248274091	248275992	1901
NC_035109.1	249531334	249533127	1793
NC_035109.1	250657423	250659630	2207
NC_035109.1	258284283	258286179	1896
NC_035109.1	258860065	258861865	1800
NC_035109.1	262271862	262273825	1963
NC_035109.1	262617667	262619768	2101
NC_035109.1	262628916	262630938	2022
NC_035109.1	271418549	271420589	2040
NC_035109.1	271519410	271521307	1897
NC_035109.1	276887607	276889684	2077
NC_035109.1	277134382	277136492	2110
NC_035109.1	280580506	280582339	1833
NC_035109.1	283575235	283577173	1938
NC_035109.1	283969819	283972042	2223
NC_035109.1	285570168	285572002	1834
NC_035109.1	286330665	286332652	1987
NC_035109.1	295515371	295517632	2261
NC_035109.1	305076905	305078872	1967
NC_035109.1	305506458	305508386	1928
NC_035109.1	309660478	309663225	2747
NC_035109.1	312715663	312717850	2187
NC_035109.1	313468286	313470667	2381
NC_035109.1	313471098	313473248	2150
NC_035109.1	313482257	313488716	6459
NC_035109.1	314192675	314194589	1914
NC_035109.1	317197421	317199632	2211
NC_035109.1	318844433	318846329	1896
NC_035109.1	321356760	321358576	1816
NC_035109.1	326280376	326282554	2178
NC_035109.1	326768091	326770235	2144
NC_035109.1	331089285	331091530	2245
NC_035109.1	333533817	333535675	1858
NC_035109.1	343907291	343909269	1978
NC_035109.1	344162014	344164062	2048
NC_035109.1	344242882	344245507	2625
NC_035109.1	344485993	344487966	1973
NC_035109.1	356006675	356008683	2008
NC_035109.1	356310846	356312662	1816
NC_035109.1	356332816	356334998	2182
NC_035109.1	357122932	357124776	1844
NC_035109.1	357457840	357459780	1940
NC_035109.1	358367304	358369474	2170
NC_035109.1	360177480	360179604	2124
NC_035109.1	374689769	374691751	1982
NC_035109.1	377344156	377346571	2415
NC_035109.1	379504447	379506302	1855
NC_035109.1	381080778	381083685	2907
NC_035109.1	384041687	384043513	1826
NC_035109.1	386743553	386746255	2702
NC_035109.1	387634778	387636789	2011
NC_035109.1	391941671	391943987	2316
NC_035109.1	392224357	392226604	2247
NC_035109.1	393523816	393525912	2096
NC_035109.1	393827153	393829053	1900
NC_035109.1	394447231	394449349	2118
NC_035109.1	397177829	397179809	1980
NC_035109.1	397688068	397689873	1805
NC_035109.1	397997878	397999874	1996
NC_035109.1	398014283	398016485	2202
NC_035109.1	400546445	400548292	1847
NC_035109.1	400776149	400778264	2115
NC_035109.1	401156796	401158652	1856
NC_035109.1	403074538	403076616	2078
NC_035159.1	1	16790	16789
