cluster	block	chrom	pos	si	au	bp	se.si	se.au	se.bp	v	c	pchi	meandist	lowdist
101	1:2.15e+08	1	2.15e+08	0.927925403335754	0.976206257441462	0.864748868407707	0.0124911067042273	0.00522550041212768	0.00374567651540198	-1.54147020982712	0.439563573505978	0.72597287054689	0.409466449810082	TRUE
101	1:216500000	1	216500000	0.927925403335754	0.976206257441462	0.864748868407707	0.0124911067042273	0.00522550041212768	0.00374567651540198	-1.54147020982712	0.439563573505978	0.72597287054689	0.409466449810082	TRUE
101	1:215500000	1	215500000	0.927925403335754	0.976206257441462	0.864748868407707	0.0124911067042273	0.00522550041212768	0.00374567651540198	-1.54147020982712	0.439563573505978	0.72597287054689	0.409466449810082	TRUE
101	1:2.17e+08	1	2.17e+08	0.927925403335754	0.976206257441462	0.864748868407707	0.0124911067042273	0.00522550041212768	0.00374567651540198	-1.54147020982712	0.439563573505978	0.72597287054689	0.409466449810082	TRUE
101	1:2.16e+08	1	2.16e+08	0.927925403335754	0.976206257441462	0.864748868407707	0.0124911067042273	0.00522550041212768	0.00374567651540198	-1.54147020982712	0.439563573505978	0.72597287054689	0.409466449810082	TRUE
101	1:217500000	1	217500000	0.927925403335754	0.976206257441462	0.864748868407707	0.0124911067042273	0.00522550041212768	0.00374567651540198	-1.54147020982712	0.439563573505978	0.72597287054689	0.409466449810082	TRUE
101	1:2.18e+08	1	2.18e+08	0.927925403335754	0.976206257441462	0.864748868407707	0.0124911067042273	0.00522550041212768	0.00374567651540198	-1.54147020982712	0.439563573505978	0.72597287054689	0.409466449810082	TRUE
13	1:1.58e+08	1	1.58e+08	0.817786441239586	0.96030106763529	0.577451843226682	0.0218712860636987	0.00675008868241852	0.00520700481955032	-0.974784729690907	0.779405803996466	0.475769816463711	0.246212102735137	TRUE
13	1:1.59e+08	1	1.59e+08	0.817786441239586	0.96030106763529	0.577451843226682	0.0218712860636987	0.00675008868241852	0.00520700481955032	-0.974784729690907	0.779405803996466	0.475769816463711	0.246212102735137	TRUE
13	1:157500000	1	157500000	0.817786441239586	0.96030106763529	0.577451843226682	0.0218712860636987	0.00675008868241852	0.00520700481955032	-0.974784729690907	0.779405803996466	0.475769816463711	0.246212102735137	TRUE
13	1:1.6e+08	1	1.6e+08	0.817786441239586	0.96030106763529	0.577451843226682	0.0218712860636987	0.00675008868241852	0.00520700481955032	-0.974784729690907	0.779405803996466	0.475769816463711	0.246212102735137	TRUE
13	1:1.56e+08	1	1.56e+08	0.817786441239586	0.96030106763529	0.577451843226682	0.0218712860636987	0.00675008868241852	0.00520700481955032	-0.974784729690907	0.779405803996466	0.475769816463711	0.246212102735137	TRUE
13	1:158500000	1	158500000	0.817786441239586	0.96030106763529	0.577451843226682	0.0218712860636987	0.00675008868241852	0.00520700481955032	-0.974784729690907	0.779405803996466	0.475769816463711	0.246212102735137	TRUE
13	1:1.57e+08	1	1.57e+08	0.817786441239586	0.96030106763529	0.577451843226682	0.0218712860636987	0.00675008868241852	0.00520700481955032	-0.974784729690907	0.779405803996466	0.475769816463711	0.246212102735137	TRUE
13	1:155500000	1	155500000	0.817786441239586	0.96030106763529	0.577451843226682	0.0218712860636987	0.00675008868241852	0.00520700481955032	-0.974784729690907	0.779405803996466	0.475769816463711	0.246212102735137	TRUE
157	1:1.04e+08	1	1.04e+08	0.948720521171058	0.992749732728486	0.616539288417244	0.00841364807594579	0.00162450030577608	0.00520239542602807	-1.37051145951196	1.074107265975	0.0497345340224349	0.604049951326394	FALSE
157	1:106500000	1	106500000	0.948720521171058	0.992749732728486	0.616539288417244	0.00841364807594579	0.00162450030577608	0.00520239542602807	-1.37051145951196	1.074107265975	0.0497345340224349	0.604049951326394	FALSE
157	1:1.05e+08	1	1.05e+08	0.948720521171058	0.992749732728486	0.616539288417244	0.00841364807594579	0.00162450030577608	0.00520239542602807	-1.37051145951196	1.074107265975	0.0497345340224349	0.604049951326394	FALSE
157	1:1.06e+08	1	1.06e+08	0.948720521171058	0.992749732728486	0.616539288417244	0.00841364807594579	0.00162450030577608	0.00520239542602807	-1.37051145951196	1.074107265975	0.0497345340224349	0.604049951326394	FALSE
157	1:107500000	1	107500000	0.948720521171058	0.992749732728486	0.616539288417244	0.00841364807594579	0.00162450030577608	0.00520239542602807	-1.37051145951196	1.074107265975	0.0497345340224349	0.604049951326394	FALSE
157	1:108500000	1	108500000	0.948720521171058	0.992749732728486	0.616539288417244	0.00841364807594579	0.00162450030577608	0.00520239542602807	-1.37051145951196	1.074107265975	0.0497345340224349	0.604049951326394	FALSE
157	1:105500000	1	105500000	0.948720521171058	0.992749732728486	0.616539288417244	0.00841364807594579	0.00162450030577608	0.00520239542602807	-1.37051145951196	1.074107265975	0.0497345340224349	0.604049951326394	FALSE
157	1:1.07e+08	1	1.07e+08	0.948720521171058	0.992749732728486	0.616539288417244	0.00841364807594579	0.00162450030577608	0.00520239542602807	-1.37051145951196	1.074107265975	0.0497345340224349	0.604049951326394	FALSE
157	1:1.08e+08	1	1.08e+08	0.948720521171058	0.992749732728486	0.616539288417244	0.00841364807594579	0.00162450030577608	0.00520239542602807	-1.37051145951196	1.074107265975	0.0497345340224349	0.604049951326394	FALSE
171	1:6.2e+07	1	6.2e+07	0.567255842402872	0.97017221647929	0.139109571211709	0.0627513968019546	0.00742168187313547	0.00360264693776755	-0.399501059402819	1.48382962877312	0.070430660762776	0.50010315705611	TRUE
171	1:2.68e+08	1	2.68e+08	0.567255842402872	0.97017221647929	0.139109571211709	0.0627513968019546	0.00742168187313547	0.00360264693776755	-0.399501059402819	1.48382962877312	0.070430660762776	0.50010315705611	TRUE
171	1:275500000	1	275500000	0.567255842402872	0.97017221647929	0.139109571211709	0.0627513968019546	0.00742168187313547	0.00360264693776755	-0.399501059402819	1.48382962877312	0.070430660762776	0.50010315705611	TRUE
171	1:299500000	1	299500000	0.567255842402872	0.97017221647929	0.139109571211709	0.0627513968019546	0.00742168187313547	0.00360264693776755	-0.399501059402819	1.48382962877312	0.070430660762776	0.50010315705611	TRUE
171	1:276500000	1	276500000	0.567255842402872	0.97017221647929	0.139109571211709	0.0627513968019546	0.00742168187313547	0.00360264693776755	-0.399501059402819	1.48382962877312	0.070430660762776	0.50010315705611	TRUE
171	1:269500000	1	269500000	0.567255842402872	0.97017221647929	0.139109571211709	0.0627513968019546	0.00742168187313547	0.00360264693776755	-0.399501059402819	1.48382962877312	0.070430660762776	0.50010315705611	TRUE
171	1:2.6e+08	1	2.6e+08	0.567255842402872	0.97017221647929	0.139109571211709	0.0627513968019546	0.00742168187313547	0.00360264693776755	-0.399501059402819	1.48382962877312	0.070430660762776	0.50010315705611	TRUE
171	1:260500000	1	260500000	0.567255842402872	0.97017221647929	0.139109571211709	0.0627513968019546	0.00742168187313547	0.00360264693776755	-0.399501059402819	1.48382962877312	0.070430660762776	0.50010315705611	TRUE
171	1:300500000	1	300500000	0.567255842402872	0.97017221647929	0.139109571211709	0.0627513968019546	0.00742168187313547	0.00360264693776755	-0.399501059402819	1.48382962877312	0.070430660762776	0.50010315705611	TRUE
192	1:23500000	1	23500000	0.899650139731369	0.958699786999702	0.901255195484467	0.0173658296464205	0.00892630327195872	0.00327601159184283	-1.51226493913457	0.223528152910949	0.170681839538859	0.413956755221568	TRUE
192	1:2.8e+07	1	2.8e+07	0.899650139731369	0.958699786999702	0.901255195484467	0.0173658296464205	0.00892630327195872	0.00327601159184283	-1.51226493913457	0.223528152910949	0.170681839538859	0.413956755221568	TRUE
192	1:2.9e+07	1	2.9e+07	0.899650139731369	0.958699786999702	0.901255195484467	0.0173658296464205	0.00892630327195872	0.00327601159184283	-1.51226493913457	0.223528152910949	0.170681839538859	0.413956755221568	TRUE
192	1:2.4e+07	1	2.4e+07	0.899650139731369	0.958699786999702	0.901255195484467	0.0173658296464205	0.00892630327195872	0.00327601159184283	-1.51226493913457	0.223528152910949	0.170681839538859	0.413956755221568	TRUE
192	1:26500000	1	26500000	0.899650139731369	0.958699786999702	0.901255195484467	0.0173658296464205	0.00892630327195872	0.00327601159184283	-1.51226493913457	0.223528152910949	0.170681839538859	0.413956755221568	TRUE
192	1:27500000	1	27500000	0.899650139731369	0.958699786999702	0.901255195484467	0.0173658296464205	0.00892630327195872	0.00327601159184283	-1.51226493913457	0.223528152910949	0.170681839538859	0.413956755221568	TRUE
192	1:28500000	1	28500000	0.899650139731369	0.958699786999702	0.901255195484467	0.0173658296464205	0.00892630327195872	0.00327601159184283	-1.51226493913457	0.223528152910949	0.170681839538859	0.413956755221568	TRUE
192	1:29500000	1	29500000	0.899650139731369	0.958699786999702	0.901255195484467	0.0173658296464205	0.00892630327195872	0.00327601159184283	-1.51226493913457	0.223528152910949	0.170681839538859	0.413956755221568	TRUE
192	1:2.5e+07	1	2.5e+07	0.899650139731369	0.958699786999702	0.901255195484467	0.0173658296464205	0.00892630327195872	0.00327601159184283	-1.51226493913457	0.223528152910949	0.170681839538859	0.413956755221568	TRUE
192	1:24500000	1	24500000	0.899650139731369	0.958699786999702	0.901255195484467	0.0173658296464205	0.00892630327195872	0.00327601159184283	-1.51226493913457	0.223528152910949	0.170681839538859	0.413956755221568	TRUE
192	1:2.7e+07	1	2.7e+07	0.899650139731369	0.958699786999702	0.901255195484467	0.0173658296464205	0.00892630327195872	0.00327601159184283	-1.51226493913457	0.223528152910949	0.170681839538859	0.413956755221568	TRUE
192	1:25500000	1	25500000	0.899650139731369	0.958699786999702	0.901255195484467	0.0173658296464205	0.00892630327195872	0.00327601159184283	-1.51226493913457	0.223528152910949	0.170681839538859	0.413956755221568	TRUE
205	1:1.48e+08	1	1.48e+08	0.954310929265641	0.982496922079566	0.934929046591548	0.0104737724834101	0.00488568368193695	0.00278420003517716	-1.81091485652425	0.297372327520656	0.154094806321274	0.505395743206465	TRUE
205	1:1.49e+08	1	1.49e+08	0.954310929265641	0.982496922079566	0.934929046591548	0.0104737724834101	0.00488568368193695	0.00278420003517716	-1.81091485652425	0.297372327520656	0.154094806321274	0.505395743206465	TRUE
205	1:1.51e+08	1	1.51e+08	0.954310929265641	0.982496922079566	0.934929046591548	0.0104737724834101	0.00488568368193695	0.00278420003517716	-1.81091485652425	0.297372327520656	0.154094806321274	0.505395743206465	TRUE
205	1:1.52e+08	1	1.52e+08	0.954310929265641	0.982496922079566	0.934929046591548	0.0104737724834101	0.00488568368193695	0.00278420003517716	-1.81091485652425	0.297372327520656	0.154094806321274	0.505395743206465	TRUE
205	1:1.55e+08	1	1.55e+08	0.954310929265641	0.982496922079566	0.934929046591548	0.0104737724834101	0.00488568368193695	0.00278420003517716	-1.81091485652425	0.297372327520656	0.154094806321274	0.505395743206465	TRUE
205	1:150500000	1	150500000	0.954310929265641	0.982496922079566	0.934929046591548	0.0104737724834101	0.00488568368193695	0.00278420003517716	-1.81091485652425	0.297372327520656	0.154094806321274	0.505395743206465	TRUE
205	1:151500000	1	151500000	0.954310929265641	0.982496922079566	0.934929046591548	0.0104737724834101	0.00488568368193695	0.00278420003517716	-1.81091485652425	0.297372327520656	0.154094806321274	0.505395743206465	TRUE
205	1:154500000	1	154500000	0.954310929265641	0.982496922079566	0.934929046591548	0.0104737724834101	0.00488568368193695	0.00278420003517716	-1.81091485652425	0.297372327520656	0.154094806321274	0.505395743206465	TRUE
205	1:161500000	1	161500000	0.954310929265641	0.982496922079566	0.934929046591548	0.0104737724834101	0.00488568368193695	0.00278420003517716	-1.81091485652425	0.297372327520656	0.154094806321274	0.505395743206465	TRUE
205	1:155500000	1	155500000	0.954310929265641	0.982496922079566	0.934929046591548	0.0104737724834101	0.00488568368193695	0.00278420003517716	-1.81091485652425	0.297372327520656	0.154094806321274	0.505395743206465	TRUE
205	1:1.59e+08	1	1.59e+08	0.954310929265641	0.982496922079566	0.934929046591548	0.0104737724834101	0.00488568368193695	0.00278420003517716	-1.81091485652425	0.297372327520656	0.154094806321274	0.505395743206465	TRUE
205	1:1.6e+08	1	1.6e+08	0.954310929265641	0.982496922079566	0.934929046591548	0.0104737724834101	0.00488568368193695	0.00278420003517716	-1.81091485652425	0.297372327520656	0.154094806321274	0.505395743206465	TRUE
205	1:156500000	1	156500000	0.954310929265641	0.982496922079566	0.934929046591548	0.0104737724834101	0.00488568368193695	0.00278420003517716	-1.81091485652425	0.297372327520656	0.154094806321274	0.505395743206465	TRUE
205	1:1.5e+08	1	1.5e+08	0.954310929265641	0.982496922079566	0.934929046591548	0.0104737724834101	0.00488568368193695	0.00278420003517716	-1.81091485652425	0.297372327520656	0.154094806321274	0.505395743206465	TRUE
205	1:148500000	1	148500000	0.954310929265641	0.982496922079566	0.934929046591548	0.0104737724834101	0.00488568368193695	0.00278420003517716	-1.81091485652425	0.297372327520656	0.154094806321274	0.505395743206465	TRUE
205	1:1.56e+08	1	1.56e+08	0.954310929265641	0.982496922079566	0.934929046591548	0.0104737724834101	0.00488568368193695	0.00278420003517716	-1.81091485652425	0.297372327520656	0.154094806321274	0.505395743206465	TRUE
205	1:1.61e+08	1	1.61e+08	0.954310929265641	0.982496922079566	0.934929046591548	0.0104737724834101	0.00488568368193695	0.00278420003517716	-1.81091485652425	0.297372327520656	0.154094806321274	0.505395743206465	TRUE
205	1:149500000	1	149500000	0.954310929265641	0.982496922079566	0.934929046591548	0.0104737724834101	0.00488568368193695	0.00278420003517716	-1.81091485652425	0.297372327520656	0.154094806321274	0.505395743206465	TRUE
205	1:158500000	1	158500000	0.954310929265641	0.982496922079566	0.934929046591548	0.0104737724834101	0.00488568368193695	0.00278420003517716	-1.81091485652425	0.297372327520656	0.154094806321274	0.505395743206465	TRUE
205	1:1.57e+08	1	1.57e+08	0.954310929265641	0.982496922079566	0.934929046591548	0.0104737724834101	0.00488568368193695	0.00278420003517716	-1.81091485652425	0.297372327520656	0.154094806321274	0.505395743206465	TRUE
205	1:1.58e+08	1	1.58e+08	0.954310929265641	0.982496922079566	0.934929046591548	0.0104737724834101	0.00488568368193695	0.00278420003517716	-1.81091485652425	0.297372327520656	0.154094806321274	0.505395743206465	TRUE
205	1:160500000	1	160500000	0.954310929265641	0.982496922079566	0.934929046591548	0.0104737724834101	0.00488568368193695	0.00278420003517716	-1.81091485652425	0.297372327520656	0.154094806321274	0.505395743206465	TRUE
205	1:157500000	1	157500000	0.954310929265641	0.982496922079566	0.934929046591548	0.0104737724834101	0.00488568368193695	0.00278420003517716	-1.81091485652425	0.297372327520656	0.154094806321274	0.505395743206465	TRUE
205	1:159500000	1	159500000	0.954310929265641	0.982496922079566	0.934929046591548	0.0104737724834101	0.00488568368193695	0.00278420003517716	-1.81091485652425	0.297372327520656	0.154094806321274	0.505395743206465	TRUE
217	1:282500000	1	282500000	0.344358438095991	0.953850094403593	0.103400267363602	0.0909071323069979	0.0116460140970025	0.00316563577065823	-0.210488446456298	1.47290055409652	0.430024805211775	0.493347099756358	TRUE
217	1:287500000	1	287500000	0.344358438095991	0.953850094403593	0.103400267363602	0.0909071323069979	0.0116460140970025	0.00316563577065823	-0.210488446456298	1.47290055409652	0.430024805211775	0.493347099756358	TRUE
217	1:258500000	1	258500000	0.344358438095991	0.953850094403593	0.103400267363602	0.0909071323069979	0.0116460140970025	0.00316563577065823	-0.210488446456298	1.47290055409652	0.430024805211775	0.493347099756358	TRUE
217	1:277500000	1	277500000	0.344358438095991	0.953850094403593	0.103400267363602	0.0909071323069979	0.0116460140970025	0.00316563577065823	-0.210488446456298	1.47290055409652	0.430024805211775	0.493347099756358	TRUE
217	1:2.78e+08	1	2.78e+08	0.344358438095991	0.953850094403593	0.103400267363602	0.0909071323069979	0.0116460140970025	0.00316563577065823	-0.210488446456298	1.47290055409652	0.430024805211775	0.493347099756358	TRUE
217	1:286500000	1	286500000	0.344358438095991	0.953850094403593	0.103400267363602	0.0909071323069979	0.0116460140970025	0.00316563577065823	-0.210488446456298	1.47290055409652	0.430024805211775	0.493347099756358	TRUE
217	1:2.79e+08	1	2.79e+08	0.344358438095991	0.953850094403593	0.103400267363602	0.0909071323069979	0.0116460140970025	0.00316563577065823	-0.210488446456298	1.47290055409652	0.430024805211775	0.493347099756358	TRUE
217	1:2.89e+08	1	2.89e+08	0.344358438095991	0.953850094403593	0.103400267363602	0.0909071323069979	0.0116460140970025	0.00316563577065823	-0.210488446456298	1.47290055409652	0.430024805211775	0.493347099756358	TRUE
217	1:278500000	1	278500000	0.344358438095991	0.953850094403593	0.103400267363602	0.0909071323069979	0.0116460140970025	0.00316563577065823	-0.210488446456298	1.47290055409652	0.430024805211775	0.493347099756358	TRUE
24	1:158500000	1	158500000	0.951545277029448	0.979175385393071	0.953823351350027	0.0119664105876635	0.00617723831498183	0.00236182342704822	-1.86006035144876	0.176947759413872	0.812887050374301	0.278427445627631	TRUE
24	1:1.57e+08	1	1.57e+08	0.951545277029448	0.979175385393071	0.953823351350027	0.0119664105876635	0.00617723831498183	0.00236182342704822	-1.86006035144876	0.176947759413872	0.812887050374301	0.278427445627631	TRUE
24	1:156500000	1	156500000	0.951545277029448	0.979175385393071	0.953823351350027	0.0119664105876635	0.00617723831498183	0.00236182342704822	-1.86006035144876	0.176947759413872	0.812887050374301	0.278427445627631	TRUE
24	1:1.58e+08	1	1.58e+08	0.951545277029448	0.979175385393071	0.953823351350027	0.0119664105876635	0.00617723831498183	0.00236182342704822	-1.86006035144876	0.176947759413872	0.812887050374301	0.278427445627631	TRUE
24	1:1.6e+08	1	1.6e+08	0.951545277029448	0.979175385393071	0.953823351350027	0.0119664105876635	0.00617723831498183	0.00236182342704822	-1.86006035144876	0.176947759413872	0.812887050374301	0.278427445627631	TRUE
24	1:155500000	1	155500000	0.951545277029448	0.979175385393071	0.953823351350027	0.0119664105876635	0.00617723831498183	0.00236182342704822	-1.86006035144876	0.176947759413872	0.812887050374301	0.278427445627631	TRUE
24	1:1.59e+08	1	1.59e+08	0.951545277029448	0.979175385393071	0.953823351350027	0.0119664105876635	0.00617723831498183	0.00236182342704822	-1.86006035144876	0.176947759413872	0.812887050374301	0.278427445627631	TRUE
24	1:1.56e+08	1	1.56e+08	0.951545277029448	0.979175385393071	0.953823351350027	0.0119664105876635	0.00617723831498183	0.00236182342704822	-1.86006035144876	0.176947759413872	0.812887050374301	0.278427445627631	TRUE
24	1:1.61e+08	1	1.61e+08	0.951545277029448	0.979175385393071	0.953823351350027	0.0119664105876635	0.00617723831498183	0.00236182342704822	-1.86006035144876	0.176947759413872	0.812887050374301	0.278427445627631	TRUE
24	1:157500000	1	157500000	0.951545277029448	0.979175385393071	0.953823351350027	0.0119664105876635	0.00617723831498183	0.00236182342704822	-1.86006035144876	0.176947759413872	0.812887050374301	0.278427445627631	TRUE
253	1:2.54e+08	1	2.54e+08	0	0.991225100774046	0.00220396620543419	0	0.0239650448776197	0.000874494816681664	0.236203922909678	2.61118608162584	0.753766728387131	0.525779058403354	TRUE
253	1:2.22e+08	1	2.22e+08	0	0.991225100774046	0.00220396620543419	0	0.0239650448776197	0.000874494816681664	0.236203922909678	2.61118608162584	0.753766728387131	0.525779058403354	TRUE
253	1:2.23e+08	1	2.23e+08	0	0.991225100774046	0.00220396620543419	0	0.0239650448776197	0.000874494816681664	0.236203922909678	2.61118608162584	0.753766728387131	0.525779058403354	TRUE
253	1:243500000	1	243500000	0	0.991225100774046	0.00220396620543419	0	0.0239650448776197	0.000874494816681664	0.236203922909678	2.61118608162584	0.753766728387131	0.525779058403354	TRUE
253	1:230500000	1	230500000	0	0.991225100774046	0.00220396620543419	0	0.0239650448776197	0.000874494816681664	0.236203922909678	2.61118608162584	0.753766728387131	0.525779058403354	TRUE
253	1:232500000	1	232500000	0	0.991225100774046	0.00220396620543419	0	0.0239650448776197	0.000874494816681664	0.236203922909678	2.61118608162584	0.753766728387131	0.525779058403354	TRUE
253	1:2.48e+08	1	2.48e+08	0	0.991225100774046	0.00220396620543419	0	0.0239650448776197	0.000874494816681664	0.236203922909678	2.61118608162584	0.753766728387131	0.525779058403354	TRUE
253	1:235500000	1	235500000	0	0.991225100774046	0.00220396620543419	0	0.0239650448776197	0.000874494816681664	0.236203922909678	2.61118608162584	0.753766728387131	0.525779058403354	TRUE
253	1:228500000	1	228500000	0	0.991225100774046	0.00220396620543419	0	0.0239650448776197	0.000874494816681664	0.236203922909678	2.61118608162584	0.753766728387131	0.525779058403354	TRUE
253	1:2.38e+08	1	2.38e+08	0	0.991225100774046	0.00220396620543419	0	0.0239650448776197	0.000874494816681664	0.236203922909678	2.61118608162584	0.753766728387131	0.525779058403354	TRUE
253	1:2.35e+08	1	2.35e+08	0	0.991225100774046	0.00220396620543419	0	0.0239650448776197	0.000874494816681664	0.236203922909678	2.61118608162584	0.753766728387131	0.525779058403354	TRUE
253	1:2.46e+08	1	2.46e+08	0	0.991225100774046	0.00220396620543419	0	0.0239650448776197	0.000874494816681664	0.236203922909678	2.61118608162584	0.753766728387131	0.525779058403354	TRUE
253	1:2.3e+08	1	2.3e+08	0	0.991225100774046	0.00220396620543419	0	0.0239650448776197	0.000874494816681664	0.236203922909678	2.61118608162584	0.753766728387131	0.525779058403354	TRUE
253	1:220500000	1	220500000	0	0.991225100774046	0.00220396620543419	0	0.0239650448776197	0.000874494816681664	0.236203922909678	2.61118608162584	0.753766728387131	0.525779058403354	TRUE
253	1:2.45e+08	1	2.45e+08	0	0.991225100774046	0.00220396620543419	0	0.0239650448776197	0.000874494816681664	0.236203922909678	2.61118608162584	0.753766728387131	0.525779058403354	TRUE
253	1:242500000	1	242500000	0	0.991225100774046	0.00220396620543419	0	0.0239650448776197	0.000874494816681664	0.236203922909678	2.61118608162584	0.753766728387131	0.525779058403354	TRUE
253	1:226500000	1	226500000	0	0.991225100774046	0.00220396620543419	0	0.0239650448776197	0.000874494816681664	0.236203922909678	2.61118608162584	0.753766728387131	0.525779058403354	TRUE
253	1:2.42e+08	1	2.42e+08	0	0.991225100774046	0.00220396620543419	0	0.0239650448776197	0.000874494816681664	0.236203922909678	2.61118608162584	0.753766728387131	0.525779058403354	TRUE
253	1:246500000	1	246500000	0	0.991225100774046	0.00220396620543419	0	0.0239650448776197	0.000874494816681664	0.236203922909678	2.61118608162584	0.753766728387131	0.525779058403354	TRUE
253	1:255500000	1	255500000	0	0.991225100774046	0.00220396620543419	0	0.0239650448776197	0.000874494816681664	0.236203922909678	2.61118608162584	0.753766728387131	0.525779058403354	TRUE
253	1:2.31e+08	1	2.31e+08	0	0.991225100774046	0.00220396620543419	0	0.0239650448776197	0.000874494816681664	0.236203922909678	2.61118608162584	0.753766728387131	0.525779058403354	TRUE
261	1:1.63e+08	1	1.63e+08	0.800147927610406	0.989009059828515	0.18252388794752	0.0346899515836544	0.00307586284040702	0.00403841723700518	-0.692446132008768	1.59823469465066	0.898122199768896	0.694038543546353	FALSE
261	1:1.68e+08	1	1.68e+08	0.800147927610406	0.989009059828515	0.18252388794752	0.0346899515836544	0.00307586284040702	0.00403841723700518	-0.692446132008768	1.59823469465066	0.898122199768896	0.694038543546353	FALSE
261	1:162500000	1	162500000	0.800147927610406	0.989009059828515	0.18252388794752	0.0346899515836544	0.00307586284040702	0.00403841723700518	-0.692446132008768	1.59823469465066	0.898122199768896	0.694038543546353	FALSE
261	1:1.64e+08	1	1.64e+08	0.800147927610406	0.989009059828515	0.18252388794752	0.0346899515836544	0.00307586284040702	0.00403841723700518	-0.692446132008768	1.59823469465066	0.898122199768896	0.694038543546353	FALSE
261	1:1.65e+08	1	1.65e+08	0.800147927610406	0.989009059828515	0.18252388794752	0.0346899515836544	0.00307586284040702	0.00403841723700518	-0.692446132008768	1.59823469465066	0.898122199768896	0.694038543546353	FALSE
261	1:1.7e+08	1	1.7e+08	0.800147927610406	0.989009059828515	0.18252388794752	0.0346899515836544	0.00307586284040702	0.00403841723700518	-0.692446132008768	1.59823469465066	0.898122199768896	0.694038543546353	FALSE
261	1:164500000	1	164500000	0.800147927610406	0.989009059828515	0.18252388794752	0.0346899515836544	0.00307586284040702	0.00403841723700518	-0.692446132008768	1.59823469465066	0.898122199768896	0.694038543546353	FALSE
261	1:169500000	1	169500000	0.800147927610406	0.989009059828515	0.18252388794752	0.0346899515836544	0.00307586284040702	0.00403841723700518	-0.692446132008768	1.59823469465066	0.898122199768896	0.694038543546353	FALSE
261	1:1.62e+08	1	1.62e+08	0.800147927610406	0.989009059828515	0.18252388794752	0.0346899515836544	0.00307586284040702	0.00403841723700518	-0.692446132008768	1.59823469465066	0.898122199768896	0.694038543546353	FALSE
261	1:167500000	1	167500000	0.800147927610406	0.989009059828515	0.18252388794752	0.0346899515836544	0.00307586284040702	0.00403841723700518	-0.692446132008768	1.59823469465066	0.898122199768896	0.694038543546353	FALSE
261	1:166500000	1	166500000	0.800147927610406	0.989009059828515	0.18252388794752	0.0346899515836544	0.00307586284040702	0.00403841723700518	-0.692446132008768	1.59823469465066	0.898122199768896	0.694038543546353	FALSE
261	1:1.66e+08	1	1.66e+08	0.800147927610406	0.989009059828515	0.18252388794752	0.0346899515836544	0.00307586284040702	0.00403841723700518	-0.692446132008768	1.59823469465066	0.898122199768896	0.694038543546353	FALSE
261	1:1.69e+08	1	1.69e+08	0.800147927610406	0.989009059828515	0.18252388794752	0.0346899515836544	0.00307586284040702	0.00403841723700518	-0.692446132008768	1.59823469465066	0.898122199768896	0.694038543546353	FALSE
261	1:163500000	1	163500000	0.800147927610406	0.989009059828515	0.18252388794752	0.0346899515836544	0.00307586284040702	0.00403841723700518	-0.692446132008768	1.59823469465066	0.898122199768896	0.694038543546353	FALSE
261	1:168500000	1	168500000	0.800147927610406	0.989009059828515	0.18252388794752	0.0346899515836544	0.00307586284040702	0.00403841723700518	-0.692446132008768	1.59823469465066	0.898122199768896	0.694038543546353	FALSE
261	1:1.67e+08	1	1.67e+08	0.800147927610406	0.989009059828515	0.18252388794752	0.0346899515836544	0.00307586284040702	0.00403841723700518	-0.692446132008768	1.59823469465066	0.898122199768896	0.694038543546353	FALSE
261	1:165500000	1	165500000	0.800147927610406	0.989009059828515	0.18252388794752	0.0346899515836544	0.00307586284040702	0.00403841723700518	-0.692446132008768	1.59823469465066	0.898122199768896	0.694038543546353	FALSE
272	1:2.15e+08	1	2.15e+08	0	0.992153446988201	0.00436954107720176	0	0.0140820759794031	0.000957673935033051	0.103060098639489	2.51903585880029	0.650962137412637	0.624901705030098	FALSE
272	1:215500000	1	215500000	0	0.992153446988201	0.00436954107720176	0	0.0140820759794031	0.000957673935033051	0.103060098639489	2.51903585880029	0.650962137412637	0.624901705030098	FALSE
272	1:2.17e+08	1	2.17e+08	0	0.992153446988201	0.00436954107720176	0	0.0140820759794031	0.000957673935033051	0.103060098639489	2.51903585880029	0.650962137412637	0.624901705030098	FALSE
272	1:2.16e+08	1	2.16e+08	0	0.992153446988201	0.00436954107720176	0	0.0140820759794031	0.000957673935033051	0.103060098639489	2.51903585880029	0.650962137412637	0.624901705030098	FALSE
272	1:217500000	1	217500000	0	0.992153446988201	0.00436954107720176	0	0.0140820759794031	0.000957673935033051	0.103060098639489	2.51903585880029	0.650962137412637	0.624901705030098	FALSE
272	1:2.6e+08	1	2.6e+08	0	0.992153446988201	0.00436954107720176	0	0.0140820759794031	0.000957673935033051	0.103060098639489	2.51903585880029	0.650962137412637	0.624901705030098	FALSE
272	1:216500000	1	216500000	0	0.992153446988201	0.00436954107720176	0	0.0140820759794031	0.000957673935033051	0.103060098639489	2.51903585880029	0.650962137412637	0.624901705030098	FALSE
272	1:2.18e+08	1	2.18e+08	0	0.992153446988201	0.00436954107720176	0	0.0140820759794031	0.000957673935033051	0.103060098639489	2.51903585880029	0.650962137412637	0.624901705030098	FALSE
272	1:31500000	1	31500000	0	0.992153446988201	0.00436954107720176	0	0.0140820759794031	0.000957673935033051	0.103060098639489	2.51903585880029	0.650962137412637	0.624901705030098	FALSE
272	1:2.61e+08	1	2.61e+08	0	0.992153446988201	0.00436954107720176	0	0.0140820759794031	0.000957673935033051	0.103060098639489	2.51903585880029	0.650962137412637	0.624901705030098	FALSE
272	1:6.2e+07	1	6.2e+07	0	0.992153446988201	0.00436954107720176	0	0.0140820759794031	0.000957673935033051	0.103060098639489	2.51903585880029	0.650962137412637	0.624901705030098	FALSE
272	1:260500000	1	260500000	0	0.992153446988201	0.00436954107720176	0	0.0140820759794031	0.000957673935033051	0.103060098639489	2.51903585880029	0.650962137412637	0.624901705030098	FALSE
272	1:2.69e+08	1	2.69e+08	0	0.992153446988201	0.00436954107720176	0	0.0140820759794031	0.000957673935033051	0.103060098639489	2.51903585880029	0.650962137412637	0.624901705030098	FALSE
272	1:55500000	1	55500000	0	0.992153446988201	0.00436954107720176	0	0.0140820759794031	0.000957673935033051	0.103060098639489	2.51903585880029	0.650962137412637	0.624901705030098	FALSE
272	1:300500000	1	300500000	0	0.992153446988201	0.00436954107720176	0	0.0140820759794031	0.000957673935033051	0.103060098639489	2.51903585880029	0.650962137412637	0.624901705030098	FALSE
272	1:2.68e+08	1	2.68e+08	0	0.992153446988201	0.00436954107720176	0	0.0140820759794031	0.000957673935033051	0.103060098639489	2.51903585880029	0.650962137412637	0.624901705030098	FALSE
272	1:274500000	1	274500000	0	0.992153446988201	0.00436954107720176	0	0.0140820759794031	0.000957673935033051	0.103060098639489	2.51903585880029	0.650962137412637	0.624901705030098	FALSE
272	1:3.3e+07	1	3.3e+07	0	0.992153446988201	0.00436954107720176	0	0.0140820759794031	0.000957673935033051	0.103060098639489	2.51903585880029	0.650962137412637	0.624901705030098	FALSE
272	1:275500000	1	275500000	0	0.992153446988201	0.00436954107720176	0	0.0140820759794031	0.000957673935033051	0.103060098639489	2.51903585880029	0.650962137412637	0.624901705030098	FALSE
272	1:276500000	1	276500000	0	0.992153446988201	0.00436954107720176	0	0.0140820759794031	0.000957673935033051	0.103060098639489	2.51903585880029	0.650962137412637	0.624901705030098	FALSE
272	1:58500000	1	58500000	0	0.992153446988201	0.00436954107720176	0	0.0140820759794031	0.000957673935033051	0.103060098639489	2.51903585880029	0.650962137412637	0.624901705030098	FALSE
272	1:299500000	1	299500000	0	0.992153446988201	0.00436954107720176	0	0.0140820759794031	0.000957673935033051	0.103060098639489	2.51903585880029	0.650962137412637	0.624901705030098	FALSE
272	1:269500000	1	269500000	0	0.992153446988201	0.00436954107720176	0	0.0140820759794031	0.000957673935033051	0.103060098639489	2.51903585880029	0.650962137412637	0.624901705030098	FALSE
272	1:52500000	1	52500000	0	0.992153446988201	0.00436954107720176	0	0.0140820759794031	0.000957673935033051	0.103060098639489	2.51903585880029	0.650962137412637	0.624901705030098	FALSE
272	1:5.1e+07	1	5.1e+07	0	0.992153446988201	0.00436954107720176	0	0.0140820759794031	0.000957673935033051	0.103060098639489	2.51903585880029	0.650962137412637	0.624901705030098	FALSE
279	1:2.89e+08	1	2.89e+08	0	0.979783207653656	0.00848234950722959	0	0.0178915593398995	0.00105404899481978	0.1690900291425	2.21838188356947	0.762042791585143	0.546216065287788	TRUE
279	1:2.58e+08	1	2.58e+08	0	0.979783207653656	0.00848234950722959	0	0.0178915593398995	0.00105404899481978	0.1690900291425	2.21838188356947	0.762042791585143	0.546216065287788	TRUE
279	1:2.78e+08	1	2.78e+08	0	0.979783207653656	0.00848234950722959	0	0.0178915593398995	0.00105404899481978	0.1690900291425	2.21838188356947	0.762042791585143	0.546216065287788	TRUE
279	1:282500000	1	282500000	0	0.979783207653656	0.00848234950722959	0	0.0178915593398995	0.00105404899481978	0.1690900291425	2.21838188356947	0.762042791585143	0.546216065287788	TRUE
279	1:6.7e+07	1	6.7e+07	0	0.979783207653656	0.00848234950722959	0	0.0178915593398995	0.00105404899481978	0.1690900291425	2.21838188356947	0.762042791585143	0.546216065287788	TRUE
279	1:277500000	1	277500000	0	0.979783207653656	0.00848234950722959	0	0.0178915593398995	0.00105404899481978	0.1690900291425	2.21838188356947	0.762042791585143	0.546216065287788	TRUE
279	1:287500000	1	287500000	0	0.979783207653656	0.00848234950722959	0	0.0178915593398995	0.00105404899481978	0.1690900291425	2.21838188356947	0.762042791585143	0.546216065287788	TRUE
279	1:289500000	1	289500000	0	0.979783207653656	0.00848234950722959	0	0.0178915593398995	0.00105404899481978	0.1690900291425	2.21838188356947	0.762042791585143	0.546216065287788	TRUE
279	1:278500000	1	278500000	0	0.979783207653656	0.00848234950722959	0	0.0178915593398995	0.00105404899481978	0.1690900291425	2.21838188356947	0.762042791585143	0.546216065287788	TRUE
279	1:258500000	1	258500000	0	0.979783207653656	0.00848234950722959	0	0.0178915593398995	0.00105404899481978	0.1690900291425	2.21838188356947	0.762042791585143	0.546216065287788	TRUE
279	1:286500000	1	286500000	0	0.979783207653656	0.00848234950722959	0	0.0178915593398995	0.00105404899481978	0.1690900291425	2.21838188356947	0.762042791585143	0.546216065287788	TRUE
279	1:2.79e+08	1	2.79e+08	0	0.979783207653656	0.00848234950722959	0	0.0178915593398995	0.00105404899481978	0.1690900291425	2.21838188356947	0.762042791585143	0.546216065287788	TRUE
282	1:1.1e+08	1	1.1e+08	0.782562553959927	0.98034204571707	0.269067455088832	0.031101799641263	0.00439917456378626	0.00461995229756009	-0.722614660392798	1.33825047196195	0.439827325895808	0.719476979018893	FALSE
282	1:1.12e+08	1	1.12e+08	0.782562553959927	0.98034204571707	0.269067455088832	0.031101799641263	0.00439917456378626	0.00461995229756009	-0.722614660392798	1.33825047196195	0.439827325895808	0.719476979018893	FALSE
282	1:111500000	1	111500000	0.782562553959927	0.98034204571707	0.269067455088832	0.031101799641263	0.00439917456378626	0.00461995229756009	-0.722614660392798	1.33825047196195	0.439827325895808	0.719476979018893	FALSE
282	1:1.11e+08	1	1.11e+08	0.782562553959927	0.98034204571707	0.269067455088832	0.031101799641263	0.00439917456378626	0.00461995229756009	-0.722614660392798	1.33825047196195	0.439827325895808	0.719476979018893	FALSE
282	1:113500000	1	113500000	0.782562553959927	0.98034204571707	0.269067455088832	0.031101799641263	0.00439917456378626	0.00461995229756009	-0.722614660392798	1.33825047196195	0.439827325895808	0.719476979018893	FALSE
282	1:110500000	1	110500000	0.782562553959927	0.98034204571707	0.269067455088832	0.031101799641263	0.00439917456378626	0.00461995229756009	-0.722614660392798	1.33825047196195	0.439827325895808	0.719476979018893	FALSE
282	1:1.09e+08	1	1.09e+08	0.782562553959927	0.98034204571707	0.269067455088832	0.031101799641263	0.00439917456378626	0.00461995229756009	-0.722614660392798	1.33825047196195	0.439827325895808	0.719476979018893	FALSE
282	1:109500000	1	109500000	0.782562553959927	0.98034204571707	0.269067455088832	0.031101799641263	0.00439917456378626	0.00461995229756009	-0.722614660392798	1.33825047196195	0.439827325895808	0.719476979018893	FALSE
282	1:1.13e+08	1	1.13e+08	0.782562553959927	0.98034204571707	0.269067455088832	0.031101799641263	0.00439917456378626	0.00461995229756009	-0.722614660392798	1.33825047196195	0.439827325895808	0.719476979018893	FALSE
282	1:112500000	1	112500000	0.782562553959927	0.98034204571707	0.269067455088832	0.031101799641263	0.00439917456378626	0.00461995229756009	-0.722614660392798	1.33825047196195	0.439827325895808	0.719476979018893	FALSE
290	1:2.78e+08	1	2.78e+08	0	0.982445440087754	0.00502005068425999	0	0.0221902534832161	0.000893246908066087	0.23367375604943	2.34077136195425	0.329126361271172	0.554470369845669	TRUE
290	1:285500000	1	285500000	0	0.982445440087754	0.00502005068425999	0	0.0221902534832161	0.000893246908066087	0.23367375604943	2.34077136195425	0.329126361271172	0.554470369845669	TRUE
290	1:2.58e+08	1	2.58e+08	0	0.982445440087754	0.00502005068425999	0	0.0221902534832161	0.000893246908066087	0.23367375604943	2.34077136195425	0.329126361271172	0.554470369845669	TRUE
290	1:2.89e+08	1	2.89e+08	0	0.982445440087754	0.00502005068425999	0	0.0221902534832161	0.000893246908066087	0.23367375604943	2.34077136195425	0.329126361271172	0.554470369845669	TRUE
290	1:258500000	1	258500000	0	0.982445440087754	0.00502005068425999	0	0.0221902534832161	0.000893246908066087	0.23367375604943	2.34077136195425	0.329126361271172	0.554470369845669	TRUE
290	1:286500000	1	286500000	0	0.982445440087754	0.00502005068425999	0	0.0221902534832161	0.000893246908066087	0.23367375604943	2.34077136195425	0.329126361271172	0.554470369845669	TRUE
290	1:289500000	1	289500000	0	0.982445440087754	0.00502005068425999	0	0.0221902534832161	0.000893246908066087	0.23367375604943	2.34077136195425	0.329126361271172	0.554470369845669	TRUE
290	1:287500000	1	287500000	0	0.982445440087754	0.00502005068425999	0	0.0221902534832161	0.000893246908066087	0.23367375604943	2.34077136195425	0.329126361271172	0.554470369845669	TRUE
290	1:282500000	1	282500000	0	0.982445440087754	0.00502005068425999	0	0.0221902534832161	0.000893246908066087	0.23367375604943	2.34077136195425	0.329126361271172	0.554470369845669	TRUE
290	1:2.79e+08	1	2.79e+08	0	0.982445440087754	0.00502005068425999	0	0.0221902534832161	0.000893246908066087	0.23367375604943	2.34077136195425	0.329126361271172	0.554470369845669	TRUE
290	1:6.7e+07	1	6.7e+07	0	0.982445440087754	0.00502005068425999	0	0.0221902534832161	0.000893246908066087	0.23367375604943	2.34077136195425	0.329126361271172	0.554470369845669	TRUE
290	1:277500000	1	277500000	0	0.982445440087754	0.00502005068425999	0	0.0221902534832161	0.000893246908066087	0.23367375604943	2.34077136195425	0.329126361271172	0.554470369845669	TRUE
290	1:278500000	1	278500000	0	0.982445440087754	0.00502005068425999	0	0.0221902534832161	0.000893246908066087	0.23367375604943	2.34077136195425	0.329126361271172	0.554470369845669	TRUE
291	1:282500000	1	282500000	0	0.974450991849305	0.00627133936459089	0	0.0294750854294843	0.00110732690744549	0.272920567767311	2.22357626938137	0.59025579143451	0.565890724569638	FALSE
291	1:2.79e+08	1	2.79e+08	0	0.974450991849305	0.00627133936459089	0	0.0294750854294843	0.00110732690744549	0.272920567767311	2.22357626938137	0.59025579143451	0.565890724569638	FALSE
291	1:258500000	1	258500000	0	0.974450991849305	0.00627133936459089	0	0.0294750854294843	0.00110732690744549	0.272920567767311	2.22357626938137	0.59025579143451	0.565890724569638	FALSE
291	1:2.78e+08	1	2.78e+08	0	0.974450991849305	0.00627133936459089	0	0.0294750854294843	0.00110732690744549	0.272920567767311	2.22357626938137	0.59025579143451	0.565890724569638	FALSE
291	1:285500000	1	285500000	0	0.974450991849305	0.00627133936459089	0	0.0294750854294843	0.00110732690744549	0.272920567767311	2.22357626938137	0.59025579143451	0.565890724569638	FALSE
291	1:6.7e+07	1	6.7e+07	0	0.974450991849305	0.00627133936459089	0	0.0294750854294843	0.00110732690744549	0.272920567767311	2.22357626938137	0.59025579143451	0.565890724569638	FALSE
291	1:287500000	1	287500000	0	0.974450991849305	0.00627133936459089	0	0.0294750854294843	0.00110732690744549	0.272920567767311	2.22357626938137	0.59025579143451	0.565890724569638	FALSE
291	1:2.58e+08	1	2.58e+08	0	0.974450991849305	0.00627133936459089	0	0.0294750854294843	0.00110732690744549	0.272920567767311	2.22357626938137	0.59025579143451	0.565890724569638	FALSE
291	1:4.9e+07	1	4.9e+07	0	0.974450991849305	0.00627133936459089	0	0.0294750854294843	0.00110732690744549	0.272920567767311	2.22357626938137	0.59025579143451	0.565890724569638	FALSE
291	1:286500000	1	286500000	0	0.974450991849305	0.00627133936459089	0	0.0294750854294843	0.00110732690744549	0.272920567767311	2.22357626938137	0.59025579143451	0.565890724569638	FALSE
291	1:289500000	1	289500000	0	0.974450991849305	0.00627133936459089	0	0.0294750854294843	0.00110732690744549	0.272920567767311	2.22357626938137	0.59025579143451	0.565890724569638	FALSE
291	1:2.89e+08	1	2.89e+08	0	0.974450991849305	0.00627133936459089	0	0.0294750854294843	0.00110732690744549	0.272920567767311	2.22357626938137	0.59025579143451	0.565890724569638	FALSE
291	1:278500000	1	278500000	0	0.974450991849305	0.00627133936459089	0	0.0294750854294843	0.00110732690744549	0.272920567767311	2.22357626938137	0.59025579143451	0.565890724569638	FALSE
291	1:277500000	1	277500000	0	0.974450991849305	0.00627133936459089	0	0.0294750854294843	0.00110732690744549	0.272920567767311	2.22357626938137	0.59025579143451	0.565890724569638	FALSE
298	1:6.7e+07	1	6.7e+07	0	0.972455727557053	0.00504071412504061	0	0.0336327796306545	0.000888526446172508	0.327423281511939	2.24560049196658	0.845967398253305	0.574204823215077	FALSE
298	1:287500000	1	287500000	0	0.972455727557053	0.00504071412504061	0	0.0336327796306545	0.000888526446172508	0.327423281511939	2.24560049196658	0.845967398253305	0.574204823215077	FALSE
298	1:2.89e+08	1	2.89e+08	0	0.972455727557053	0.00504071412504061	0	0.0336327796306545	0.000888526446172508	0.327423281511939	2.24560049196658	0.845967398253305	0.574204823215077	FALSE
298	1:2.9e+08	1	2.9e+08	0	0.972455727557053	0.00504071412504061	0	0.0336327796306545	0.000888526446172508	0.327423281511939	2.24560049196658	0.845967398253305	0.574204823215077	FALSE
298	1:2.78e+08	1	2.78e+08	0	0.972455727557053	0.00504071412504061	0	0.0336327796306545	0.000888526446172508	0.327423281511939	2.24560049196658	0.845967398253305	0.574204823215077	FALSE
298	1:2.58e+08	1	2.58e+08	0	0.972455727557053	0.00504071412504061	0	0.0336327796306545	0.000888526446172508	0.327423281511939	2.24560049196658	0.845967398253305	0.574204823215077	FALSE
298	1:277500000	1	277500000	0	0.972455727557053	0.00504071412504061	0	0.0336327796306545	0.000888526446172508	0.327423281511939	2.24560049196658	0.845967398253305	0.574204823215077	FALSE
298	1:285500000	1	285500000	0	0.972455727557053	0.00504071412504061	0	0.0336327796306545	0.000888526446172508	0.327423281511939	2.24560049196658	0.845967398253305	0.574204823215077	FALSE
298	1:289500000	1	289500000	0	0.972455727557053	0.00504071412504061	0	0.0336327796306545	0.000888526446172508	0.327423281511939	2.24560049196658	0.845967398253305	0.574204823215077	FALSE
298	1:2.79e+08	1	2.79e+08	0	0.972455727557053	0.00504071412504061	0	0.0336327796306545	0.000888526446172508	0.327423281511939	2.24560049196658	0.845967398253305	0.574204823215077	FALSE
298	1:258500000	1	258500000	0	0.972455727557053	0.00504071412504061	0	0.0336327796306545	0.000888526446172508	0.327423281511939	2.24560049196658	0.845967398253305	0.574204823215077	FALSE
298	1:278500000	1	278500000	0	0.972455727557053	0.00504071412504061	0	0.0336327796306545	0.000888526446172508	0.327423281511939	2.24560049196658	0.845967398253305	0.574204823215077	FALSE
298	1:286500000	1	286500000	0	0.972455727557053	0.00504071412504061	0	0.0336327796306545	0.000888526446172508	0.327423281511939	2.24560049196658	0.845967398253305	0.574204823215077	FALSE
298	1:4.9e+07	1	4.9e+07	0	0.972455727557053	0.00504071412504061	0	0.0336327796306545	0.000888526446172508	0.327423281511939	2.24560049196658	0.845967398253305	0.574204823215077	FALSE
298	1:282500000	1	282500000	0	0.972455727557053	0.00504071412504061	0	0.0336327796306545	0.000888526446172508	0.327423281511939	2.24560049196658	0.845967398253305	0.574204823215077	FALSE
333	1:169500000	1	169500000	0.397662780272345	0.967440428069085	0.0854923658944744	0.097680510178746	0.00962855173089517	0.00291879179599455	-0.237696388378857	1.60674291486715	0.913697609918189	0.74579235277835	FALSE
333	1:1.66e+08	1	1.66e+08	0.397662780272345	0.967440428069085	0.0854923658944744	0.097680510178746	0.00962855173089517	0.00291879179599455	-0.237696388378857	1.60674291486715	0.913697609918189	0.74579235277835	FALSE
333	1:1.67e+08	1	1.67e+08	0.397662780272345	0.967440428069085	0.0854923658944744	0.097680510178746	0.00962855173089517	0.00291879179599455	-0.237696388378857	1.60674291486715	0.913697609918189	0.74579235277835	FALSE
333	1:168500000	1	168500000	0.397662780272345	0.967440428069085	0.0854923658944744	0.097680510178746	0.00962855173089517	0.00291879179599455	-0.237696388378857	1.60674291486715	0.913697609918189	0.74579235277835	FALSE
333	1:1.63e+08	1	1.63e+08	0.397662780272345	0.967440428069085	0.0854923658944744	0.097680510178746	0.00962855173089517	0.00291879179599455	-0.237696388378857	1.60674291486715	0.913697609918189	0.74579235277835	FALSE
333	1:1.64e+08	1	1.64e+08	0.397662780272345	0.967440428069085	0.0854923658944744	0.097680510178746	0.00962855173089517	0.00291879179599455	-0.237696388378857	1.60674291486715	0.913697609918189	0.74579235277835	FALSE
333	1:167500000	1	167500000	0.397662780272345	0.967440428069085	0.0854923658944744	0.097680510178746	0.00962855173089517	0.00291879179599455	-0.237696388378857	1.60674291486715	0.913697609918189	0.74579235277835	FALSE
333	1:165500000	1	165500000	0.397662780272345	0.967440428069085	0.0854923658944744	0.097680510178746	0.00962855173089517	0.00291879179599455	-0.237696388378857	1.60674291486715	0.913697609918189	0.74579235277835	FALSE
333	1:162500000	1	162500000	0.397662780272345	0.967440428069085	0.0854923658944744	0.097680510178746	0.00962855173089517	0.00291879179599455	-0.237696388378857	1.60674291486715	0.913697609918189	0.74579235277835	FALSE
333	1:1.65e+08	1	1.65e+08	0.397662780272345	0.967440428069085	0.0854923658944744	0.097680510178746	0.00962855173089517	0.00291879179599455	-0.237696388378857	1.60674291486715	0.913697609918189	0.74579235277835	FALSE
333	1:1.73e+08	1	1.73e+08	0.397662780272345	0.967440428069085	0.0854923658944744	0.097680510178746	0.00962855173089517	0.00291879179599455	-0.237696388378857	1.60674291486715	0.913697609918189	0.74579235277835	FALSE
333	1:166500000	1	166500000	0.397662780272345	0.967440428069085	0.0854923658944744	0.097680510178746	0.00962855173089517	0.00291879179599455	-0.237696388378857	1.60674291486715	0.913697609918189	0.74579235277835	FALSE
333	1:164500000	1	164500000	0.397662780272345	0.967440428069085	0.0854923658944744	0.097680510178746	0.00962855173089517	0.00291879179599455	-0.237696388378857	1.60674291486715	0.913697609918189	0.74579235277835	FALSE
333	1:173500000	1	173500000	0.397662780272345	0.967440428069085	0.0854923658944744	0.097680510178746	0.00962855173089517	0.00291879179599455	-0.237696388378857	1.60674291486715	0.913697609918189	0.74579235277835	FALSE
333	1:1.62e+08	1	1.62e+08	0.397662780272345	0.967440428069085	0.0854923658944744	0.097680510178746	0.00962855173089517	0.00291879179599455	-0.237696388378857	1.60674291486715	0.913697609918189	0.74579235277835	FALSE
333	1:1.68e+08	1	1.68e+08	0.397662780272345	0.967440428069085	0.0854923658944744	0.097680510178746	0.00962855173089517	0.00291879179599455	-0.237696388378857	1.60674291486715	0.913697609918189	0.74579235277835	FALSE
333	1:1.69e+08	1	1.69e+08	0.397662780272345	0.967440428069085	0.0854923658944744	0.097680510178746	0.00962855173089517	0.00291879179599455	-0.237696388378857	1.60674291486715	0.913697609918189	0.74579235277835	FALSE
333	1:163500000	1	163500000	0.397662780272345	0.967440428069085	0.0854923658944744	0.097680510178746	0.00962855173089517	0.00291879179599455	-0.237696388378857	1.60674291486715	0.913697609918189	0.74579235277835	FALSE
333	1:1.7e+08	1	1.7e+08	0.397662780272345	0.967440428069085	0.0854923658944744	0.097680510178746	0.00962855173089517	0.00291879179599455	-0.237696388378857	1.60674291486715	0.913697609918189	0.74579235277835	FALSE
334	1:135500000	1	135500000	0.348641694309723	0.999249389742963	0.00174299608590723	1.99206767739959	0.00500692947505608	0.00139315062280982	-0.126585013014659	3.04786247555584	0.786052029084192	0.724173595137986	FALSE
334	1:144500000	1	144500000	0.348641694309723	0.999249389742963	0.00174299608590723	1.99206767739959	0.00500692947505608	0.00139315062280982	-0.126585013014659	3.04786247555584	0.786052029084192	0.724173595137986	FALSE
334	1:1.4e+08	1	1.4e+08	0.348641694309723	0.999249389742963	0.00174299608590723	1.99206767739959	0.00500692947505608	0.00139315062280982	-0.126585013014659	3.04786247555584	0.786052029084192	0.724173595137986	FALSE
334	1:1.37e+08	1	1.37e+08	0.348641694309723	0.999249389742963	0.00174299608590723	1.99206767739959	0.00500692947505608	0.00139315062280982	-0.126585013014659	3.04786247555584	0.786052029084192	0.724173595137986	FALSE
334	1:139500000	1	139500000	0.348641694309723	0.999249389742963	0.00174299608590723	1.99206767739959	0.00500692947505608	0.00139315062280982	-0.126585013014659	3.04786247555584	0.786052029084192	0.724173595137986	FALSE
334	1:1.41e+08	1	1.41e+08	0.348641694309723	0.999249389742963	0.00174299608590723	1.99206767739959	0.00500692947505608	0.00139315062280982	-0.126585013014659	3.04786247555584	0.786052029084192	0.724173595137986	FALSE
334	1:1.45e+08	1	1.45e+08	0.348641694309723	0.999249389742963	0.00174299608590723	1.99206767739959	0.00500692947505608	0.00139315062280982	-0.126585013014659	3.04786247555584	0.786052029084192	0.724173595137986	FALSE
334	1:134500000	1	134500000	0.348641694309723	0.999249389742963	0.00174299608590723	1.99206767739959	0.00500692947505608	0.00139315062280982	-0.126585013014659	3.04786247555584	0.786052029084192	0.724173595137986	FALSE
334	1:1.38e+08	1	1.38e+08	0.348641694309723	0.999249389742963	0.00174299608590723	1.99206767739959	0.00500692947505608	0.00139315062280982	-0.126585013014659	3.04786247555584	0.786052029084192	0.724173595137986	FALSE
39	1:1.5e+08	1	1.5e+08	0.82992841990508	0.962455018194724	0.595088992722972	0.0208419445492148	0.0064701146012963	0.00518873938270572	-1.01028504685706	0.769629396330891	0.109013839268984	0.368185359009417	TRUE
39	1:149500000	1	149500000	0.82992841990508	0.962455018194724	0.595088992722972	0.0208419445492148	0.0064701146012963	0.00518873938270572	-1.01028504685706	0.769629396330891	0.109013839268984	0.368185359009417	TRUE
39	1:1.48e+08	1	1.48e+08	0.82992841990508	0.962455018194724	0.595088992722972	0.0208419445492148	0.0064701146012963	0.00518873938270572	-1.01028504685706	0.769629396330891	0.109013839268984	0.368185359009417	TRUE
39	1:1.49e+08	1	1.49e+08	0.82992841990508	0.962455018194724	0.595088992722972	0.0208419445492148	0.0064701146012963	0.00518873938270572	-1.01028504685706	0.769629396330891	0.109013839268984	0.368185359009417	TRUE
39	1:148500000	1	148500000	0.82992841990508	0.962455018194724	0.595088992722972	0.0208419445492148	0.0064701146012963	0.00518873938270572	-1.01028504685706	0.769629396330891	0.109013839268984	0.368185359009417	TRUE
39	1:150500000	1	150500000	0.82992841990508	0.962455018194724	0.595088992722972	0.0208419445492148	0.0064701146012963	0.00518873938270572	-1.01028504685706	0.769629396330891	0.109013839268984	0.368185359009417	TRUE
422	1:1.12e+08	1	1.12e+08	0.0540998985608948	0.959617382093323	0.0451075525312285	0.164674431605655	0.0139363824663152	0.00218627010830597	-0.0259995147246895	1.72026363627367	0.139787742744108	0.801109743578845	FALSE
422	1:1.13e+08	1	1.13e+08	0.0540998985608948	0.959617382093323	0.0451075525312285	0.164674431605655	0.0139363824663152	0.00218627010830597	-0.0259995147246895	1.72026363627367	0.139787742744108	0.801109743578845	FALSE
422	1:1.1e+08	1	1.1e+08	0.0540998985608948	0.959617382093323	0.0451075525312285	0.164674431605655	0.0139363824663152	0.00218627010830597	-0.0259995147246895	1.72026363627367	0.139787742744108	0.801109743578845	FALSE
422	1:1.16e+08	1	1.16e+08	0.0540998985608948	0.959617382093323	0.0451075525312285	0.164674431605655	0.0139363824663152	0.00218627010830597	-0.0259995147246895	1.72026363627367	0.139787742744108	0.801109743578845	FALSE
422	1:109500000	1	109500000	0.0540998985608948	0.959617382093323	0.0451075525312285	0.164674431605655	0.0139363824663152	0.00218627010830597	-0.0259995147246895	1.72026363627367	0.139787742744108	0.801109743578845	FALSE
422	1:1.09e+08	1	1.09e+08	0.0540998985608948	0.959617382093323	0.0451075525312285	0.164674431605655	0.0139363824663152	0.00218627010830597	-0.0259995147246895	1.72026363627367	0.139787742744108	0.801109743578845	FALSE
422	1:112500000	1	112500000	0.0540998985608948	0.959617382093323	0.0451075525312285	0.164674431605655	0.0139363824663152	0.00218627010830597	-0.0259995147246895	1.72026363627367	0.139787742744108	0.801109743578845	FALSE
422	1:1.15e+08	1	1.15e+08	0.0540998985608948	0.959617382093323	0.0451075525312285	0.164674431605655	0.0139363824663152	0.00218627010830597	-0.0259995147246895	1.72026363627367	0.139787742744108	0.801109743578845	FALSE
422	1:1.11e+08	1	1.11e+08	0.0540998985608948	0.959617382093323	0.0451075525312285	0.164674431605655	0.0139363824663152	0.00218627010830597	-0.0259995147246895	1.72026363627367	0.139787742744108	0.801109743578845	FALSE
422	1:113500000	1	113500000	0.0540998985608948	0.959617382093323	0.0451075525312285	0.164674431605655	0.0139363824663152	0.00218627010830597	-0.0259995147246895	1.72026363627367	0.139787742744108	0.801109743578845	FALSE
422	1:115500000	1	115500000	0.0540998985608948	0.959617382093323	0.0451075525312285	0.164674431605655	0.0139363824663152	0.00218627010830597	-0.0259995147246895	1.72026363627367	0.139787742744108	0.801109743578845	FALSE
422	1:110500000	1	110500000	0.0540998985608948	0.959617382093323	0.0451075525312285	0.164674431605655	0.0139363824663152	0.00218627010830597	-0.0259995147246895	1.72026363627367	0.139787742744108	0.801109743578845	FALSE
422	1:111500000	1	111500000	0.0540998985608948	0.959617382093323	0.0451075525312285	0.164674431605655	0.0139363824663152	0.00218627010830597	-0.0259995147246895	1.72026363627367	0.139787742744108	0.801109743578845	FALSE
43	1:3.06e+08	1	3.06e+08	0.871342300847727	0.965312510590321	0.721729897534011	0.0172610931408678	0.00625984734668367	0.00478849010063234	-1.20197909109722	0.613990878767024	0.761086718242532	0.384581384515244	TRUE
43	1:3.03e+08	1	3.03e+08	0.871342300847727	0.965312510590321	0.721729897534011	0.0172610931408678	0.00625984734668367	0.00478849010063234	-1.20197909109722	0.613990878767024	0.761086718242532	0.384581384515244	TRUE
43	1:304500000	1	304500000	0.871342300847727	0.965312510590321	0.721729897534011	0.0172610931408678	0.00625984734668367	0.00478849010063234	-1.20197909109722	0.613990878767024	0.761086718242532	0.384581384515244	TRUE
43	1:305500000	1	305500000	0.871342300847727	0.965312510590321	0.721729897534011	0.0172610931408678	0.00625984734668367	0.00478849010063234	-1.20197909109722	0.613990878767024	0.761086718242532	0.384581384515244	TRUE
43	1:306500000	1	306500000	0.871342300847727	0.965312510590321	0.721729897534011	0.0172610931408678	0.00625984734668367	0.00478849010063234	-1.20197909109722	0.613990878767024	0.761086718242532	0.384581384515244	TRUE
43	1:3.07e+08	1	3.07e+08	0.871342300847727	0.965312510590321	0.721729897534011	0.0172610931408678	0.00625984734668367	0.00478849010063234	-1.20197909109722	0.613990878767024	0.761086718242532	0.384581384515244	TRUE
43	1:302500000	1	302500000	0.871342300847727	0.965312510590321	0.721729897534011	0.0172610931408678	0.00625984734668367	0.00478849010063234	-1.20197909109722	0.613990878767024	0.761086718242532	0.384581384515244	TRUE
43	1:307500000	1	307500000	0.871342300847727	0.965312510590321	0.721729897534011	0.0172610931408678	0.00625984734668367	0.00478849010063234	-1.20197909109722	0.613990878767024	0.761086718242532	0.384581384515244	TRUE
435	1:1.05e+08	1	1.05e+08	0	0.984328578529773	0.011873354580485	0	0.0110030237176686	0.00120156022420331	0.0542550245870107	2.20694765663566	0.469727483672903	0.671320721141189	FALSE
435	1:108500000	1	108500000	0	0.984328578529773	0.011873354580485	0	0.0110030237176686	0.00120156022420331	0.0542550245870107	2.20694765663566	0.469727483672903	0.671320721141189	FALSE
435	1:1.08e+08	1	1.08e+08	0	0.984328578529773	0.011873354580485	0	0.0110030237176686	0.00120156022420331	0.0542550245870107	2.20694765663566	0.469727483672903	0.671320721141189	FALSE
435	1:1.07e+08	1	1.07e+08	0	0.984328578529773	0.011873354580485	0	0.0110030237176686	0.00120156022420331	0.0542550245870107	2.20694765663566	0.469727483672903	0.671320721141189	FALSE
435	1:2.13e+08	1	2.13e+08	0	0.984328578529773	0.011873354580485	0	0.0110030237176686	0.00120156022420331	0.0542550245870107	2.20694765663566	0.469727483672903	0.671320721141189	FALSE
435	1:1.04e+08	1	1.04e+08	0	0.984328578529773	0.011873354580485	0	0.0110030237176686	0.00120156022420331	0.0542550245870107	2.20694765663566	0.469727483672903	0.671320721141189	FALSE
435	1:106500000	1	106500000	0	0.984328578529773	0.011873354580485	0	0.0110030237176686	0.00120156022420331	0.0542550245870107	2.20694765663566	0.469727483672903	0.671320721141189	FALSE
435	1:107500000	1	107500000	0	0.984328578529773	0.011873354580485	0	0.0110030237176686	0.00120156022420331	0.0542550245870107	2.20694765663566	0.469727483672903	0.671320721141189	FALSE
435	1:1.06e+08	1	1.06e+08	0	0.984328578529773	0.011873354580485	0	0.0110030237176686	0.00120156022420331	0.0542550245870107	2.20694765663566	0.469727483672903	0.671320721141189	FALSE
435	1:212500000	1	212500000	0	0.984328578529773	0.011873354580485	0	0.0110030237176686	0.00120156022420331	0.0542550245870107	2.20694765663566	0.469727483672903	0.671320721141189	FALSE
435	1:105500000	1	105500000	0	0.984328578529773	0.011873354580485	0	0.0110030237176686	0.00120156022420331	0.0542550245870107	2.20694765663566	0.469727483672903	0.671320721141189	FALSE
48	1:1.65e+08	1	1.65e+08	0.97095449989222	0.984815994333477	0.988679888494187	0.0126317253352938	0.00757843642985117	0.00124944831760766	-2.22235437949339	-0.0570974049847274	0.970845893179394	0.404304827342017	TRUE
48	1:166500000	1	166500000	0.97095449989222	0.984815994333477	0.988679888494187	0.0126317253352938	0.00757843642985117	0.00124944831760766	-2.22235437949339	-0.0570974049847274	0.970845893179394	0.404304827342017	TRUE
48	1:168500000	1	168500000	0.97095449989222	0.984815994333477	0.988679888494187	0.0126317253352938	0.00757843642985117	0.00124944831760766	-2.22235437949339	-0.0570974049847274	0.970845893179394	0.404304827342017	TRUE
48	1:167500000	1	167500000	0.97095449989222	0.984815994333477	0.988679888494187	0.0126317253352938	0.00757843642985117	0.00124944831760766	-2.22235437949339	-0.0570974049847274	0.970845893179394	0.404304827342017	TRUE
48	1:1.67e+08	1	1.67e+08	0.97095449989222	0.984815994333477	0.988679888494187	0.0126317253352938	0.00757843642985117	0.00124944831760766	-2.22235437949339	-0.0570974049847274	0.970845893179394	0.404304827342017	TRUE
48	1:165500000	1	165500000	0.97095449989222	0.984815994333477	0.988679888494187	0.0126317253352938	0.00757843642985117	0.00124944831760766	-2.22235437949339	-0.0570974049847274	0.970845893179394	0.404304827342017	TRUE
48	1:1.66e+08	1	1.66e+08	0.97095449989222	0.984815994333477	0.988679888494187	0.0126317253352938	0.00757843642985117	0.00124944831760766	-2.22235437949339	-0.0570974049847274	0.970845893179394	0.404304827342017	TRUE
79	1:106500000	1	106500000	0.890841647331323	0.970087170051731	0.751983896250122	0.0153926448243254	0.00560359382129283	0.00462203137051643	-1.2814111514293	0.600665125165932	0.638710187079558	0.401076781375047	TRUE
79	1:107500000	1	107500000	0.890841647331323	0.970087170051731	0.751983896250122	0.0153926448243254	0.00560359382129283	0.00462203137051643	-1.2814111514293	0.600665125165932	0.638710187079558	0.401076781375047	TRUE
79	1:1.07e+08	1	1.07e+08	0.890841647331323	0.970087170051731	0.751983896250122	0.0153926448243254	0.00560359382129283	0.00462203137051643	-1.2814111514293	0.600665125165932	0.638710187079558	0.401076781375047	TRUE
79	1:1.06e+08	1	1.06e+08	0.890841647331323	0.970087170051731	0.751983896250122	0.0153926448243254	0.00560359382129283	0.00462203137051643	-1.2814111514293	0.600665125165932	0.638710187079558	0.401076781375047	TRUE
79	1:1.08e+08	1	1.08e+08	0.890841647331323	0.970087170051731	0.751983896250122	0.0153926448243254	0.00560359382129283	0.00462203137051643	-1.2814111514293	0.600665125165932	0.638710187079558	0.401076781375047	TRUE
81	1:3.05e+08	1	3.05e+08	1	1	1	0	0	0	0	0	0	0.424074629804418	TRUE
81	1:3.03e+08	1	3.03e+08	1	1	1	0	0	0	0	0	0	0.424074629804418	TRUE
81	1:304500000	1	304500000	1	1	1	0	0	0	0	0	0	0.424074629804418	TRUE
81	1:3.04e+08	1	3.04e+08	1	1	1	0	0	0	0	0	0	0.424074629804418	TRUE
81	1:3.07e+08	1	3.07e+08	1	1	1	0	0	0	0	0	0	0.424074629804418	TRUE
81	1:3.06e+08	1	3.06e+08	1	1	1	0	0	0	0	0	0	0.424074629804418	TRUE
81	1:303500000	1	303500000	1	1	1	0	0	0	0	0	0	0.424074629804418	TRUE
81	1:306500000	1	306500000	1	1	1	0	0	0	0	0	0	0.424074629804418	TRUE
81	1:302500000	1	302500000	1	1	1	0	0	0	0	0	0	0.424074629804418	TRUE
81	1:305500000	1	305500000	1	1	1	0	0	0	0	0	0	0.424074629804418	TRUE
81	1:307500000	1	307500000	1	1	1	0	0	0	0	0	0	0.424074629804418	TRUE
