index	label	lat	long	popdens	maxtemp	mintemp	precipitation	precseason	tempseason
1	Bangkok	13.7563309	100.5017651	16639.771406704	34.9570165726215	20.7984204452274	1322.91612429168	126.099091650582	126.099091650582
2	Cebu_City	10.3156992	123.8854366	10357.8859642838	33.1133777358473	22.188221657287	1563.4993150265	70.4870435839728	70.4870435839728
3	HoChiMin	10.8230989	106.6296638	26975.469496571	33.84341740944	21.7637864341922	1891.55278076857	97.9252571755932	97.9252571755932
4	Jaffna	9.6614981	80.0255465	3695.98510221888	33.569500275601	22.6322750723603	1238.27138651583	165.481912401277	165.481912401277
5	Karachi	24.842502	67.029845	47112.0496232529	35.7242102443705	12.142040977317	132.338016000001	449.017125161477	449.017125161477
6	Pazar	40.266759	36.2325877	59.1829521796538	28.0967987530343	-2.10626976169297	433.013859757632	714.210877810744	714.210877810744
7	Sulawesi Forest	-3.6687994	119.9740534	44.8481895724859	29.9155715546155	20.500967452842	2385.63665167797	33.424899260316	33.424899260316
8	Sulawesi Urban	-5.1476651	119.4327314	13989.4254050918	32.6372069785073	22.5888344810776	2824.28566643047	49.0985243461961	49.0985243461961
9	Taiwan	23.69781	120.960515	3.76721009865817	19.3576051460126	4.10102897238226	2869.55141991664	332.824583919082	332.824583919082
10	Dominica_North	15.6081	-61.442865	37.0857785602021	29.9813669900054	20.1087355363588	1890.57762111999	106.499139983173	106.499139983173
11	Roseau	15.311378	-61.378875	1442.20915010726	30.8073573017424	20.7227671085506	1906.137249424	104.899693210032	104.899693210032
12	Playa	18.3336694	-66.6650391	39.2862667261507	31.3737801665143	15.6093687368926	1915.74288172608	135.706618590239	135.706618590239
13	Ponce	18.3336694	-66.6650391	39.2862667261507	31.3737801665143	15.6093687368926	1915.74288172608	135.706618590239	135.706618590239
14	St. Croix	17.7058446	-64.858516	354.710573874287	31.1179832923784	21.0713617712442	1096.58046834289	124.198436912953	124.198436912953
15	Trinidad	10.3757217	-61.2335592	19.2432503698608	30.5811000849917	21.2863409222861	2179.20556145778	58.4013125125598	58.4013125125598
16	Jeddah	21.2854067	39.2375507	1594.38331184417	40.2248998018665	17.9241352928665	80.8514560000004	363.343064987315	363.343064987315
17	Mecca	21.3890824	39.8579118	917.346051078511	41.8068103103141	17.5855854949472	91.1259500753498	456.89013490232	456.89013490232
18	Clovis	36.7288597	-119.8264655	871.968043635692	36.719828943127	2.53116974297414	257.559914237475	722.352007727601	722.352007727601
19	Coachella Valley	33.7558183	-116.3619077	122.779835489581	41.4947191021948	4.55521806432331	121.485076	719.697124216353	719.697124216353
20	Las Cruces	32.3489439	-106.7425285	522.271102670389	35.1670067436182	-2.78014354718145	261.438762030124	787.223916993227	787.223916993227
21	Los Angeles	34.0386375	-118.3120464	4548.52479102816	29.6707430969177	8.18796181516198	364.72591663488	345.311660091182	345.311660091182
22	Maricopa_County	33.2917968	-112.4291464	0	42.9788694659087	3.58956923857888	182.894107836498	845.744945638759	845.744945638759
23	Miami	25.7616798	-80.1917902	7298.08611788613	31.8773746670913	15.7116593668055	1488.986112	316.84691042873	316.84691042873
24	New Orleans	29.9549345	-90.1318359	1661.01677938338	33.3393378827958	5.97030391402309	1597.04500839402	622.606171070087	622.606171070087
25	Roswell	33.4374693	-104.5562492	15.9688483982934	35.1442140149038	-4.42835344710218	330.301917197561	840.243214378845	840.243214378845
26	Cairns	-16.9185514	145.7780548	454.916282787057	31.3376393631278	16.7522761592214	2287.61137567566	238.976409496204	238.976409496204
27	Tahiti	-17.679742	-149.406843	38.1215507577235	26.5757389105293	16.6835279260665	2263.52774292735	136.351408429538	136.351408429538
28	Amacuzac	18.6004449	-99.3700834	1406.01286035114	37.1621436409435	11.5555766887477	1040.98685909233	212.360829190623	212.360829190623
29	Cali	4.570868	-74.297333	1276.59544998922	19.3219480275747	8.16227510997516	1325.42557854408	26.900240381676	26.900240381676
30	Cuiaba	-15.6015336	-56.097889	2714.58377199432	33.366541413824	15.3418698545081	1437.55526220606	147.629040876262	147.629040876262
31	El Dorado	-28.5362745	-59.5898437	1.50418078666535	32.4814118851445	8.36859226293154	1068.67187486971	444.256873572473	444.256873572473
32	Jacobina	-11.1816506	-40.5120603	6754.08930379755	30.2575635236368	15.7451806623147	812.585273857999	155.411186945601	155.411186945601
33	Lagarto	-10.9195816	-37.6734334	5751.49718994455	30.8115789899947	17.8528704608524	1148.94805858548	154.889272624894	154.889272624894
34	Manaus	-3.1190275	-60.0217314	10274.6363245767	32.5970617800554	22.4464443531669	2304.04554061866	53.922228121829	53.922228121829
35	Maringa	-23.3476706	-51.9791849	2.69275714100763	28.1260837975682	8.0288685302738	1261.712336	297.481277501653	297.481277501653
36	Palmas	-10.249091	-48.3242858	6501.37813202964	33.3562460359618	15.7740564975558	1647.94071680585	79.6010080460931	79.6010080460931
37	Paqueta	-22.7636255	-43.1083583	788.423797267561	31.4024192989414	15.1735983623168	1286.5292395145	212.43006211646	212.43006211646
38	Passo Fundo	-28.2622601	-52.4102795	7686.77321153392	27.6740648291633	7.8723488968374	1771.99869124785	362.735594330894	362.735594330894
39	Patos de Minas	-18.5872582	-46.5146749	4700.49258926848	28.2515250049334	12.1789476632733	1479.83097947551	161.318830709587	161.318830709587
40	Porto Velho	-8.7611605	-63.9004303	3287.26638875165	33.5237915962683	18.0421713885246	2302.85244818014	44.6628363224593	44.6628363224593
41	Santarem	-2.4506291	-54.7009228	5272.68944872873	31.7664091606362	21.6232568923249	2105.00512476293	64.1361170981881	64.1361170981881
42	Sao Luiz	-2.521158	-44.2487793	3641.87619689164	32.6103676407362	21.7612608291356	2223.30146847736	39.0096920877728	39.0096920877728
43	Dakar_Thies	14.759118	-16.938893	1271.47076048805	34.1132952181022	16.0258898940351	475.517320017152	163.205669371927	163.205669371927
44	Bantata	12.67571	-12.327975	11.624343882498	39.1990820409452	17.9222181721967	1088.470851936	249.922992985633	249.922992985633
45	Kedougou	12.55272	-12.176632	428.799530137767	40.2728782727255	17.7612861033619	1122.3319364352	252.761406711631	252.761406711631
46	Mindin	14.074444	-15.283188	67.8005038810174	38.5578556179228	15.2777716650973	609.145393168385	200.078765105258	200.078765105258
47	Ngoye	14.639733	-16.431455	423.717087862955	36.3408312695199	15.8194835609581	498.941220509441	161.114396851506	161.114396851506
48	PK10	12.609676	-12.246706	40.0414772533899	39.8086111407148	17.8225231854779	1105.89328069837	250.940423149755	250.940423149755
49	Kintampo	8.047809	-1.731033	890.010553000559	34.9567042961259	19.9884603880597	1165.73529082759	142.329628100363	142.329628100363
50	Kumasi	6.675765	-1.566573	7446.24640100434	33.0356782952394	21.0218072872813	1368.57366952064	105.447939983391	105.447939983391
51	Boabeng Fiema	7.708767	-1.697372	186.662812720202	33.5627648589096	19.6748879756939	1191.14788885402	130.642336563061	130.642336563061
52	Franceville	-1.640046	13.569856	282.717090068412	30.7355595696182	19.3344572963958	1856.53475687475	78.4515062603829	78.4515062603829
53	Awka	6.278009	6.938843	1000.71785189541	34.0351450575629	21.3966221169534	1697.84005259834	119.891974258159	119.891974258159
54	Ouagadougou	12.3646	-1.5339	8693.39883628412	39.3489446929932	17.1417485022633	746.963715840009	259.065622877734	259.065622877734
55	Ouahigouya	13.583331	-2.416665	1623.17724316989	39.5540147167664	15.7340017134699	560.251512033603	268.511554997862	268.511554997862
56	La_Lope	-0.4411596	11.5248055	0.492359768642579	31.1325514199541	19.7228505980032	1800.60167591998	104.386602234141	104.386602234141
57	Libreville	0.4161976	9.4672676	3248.3728061395	31.2228380815444	21.6007063650849	2741.17655150686	100.361966968241	100.361966968241
58	Lope Village	-0.106656	11.611057	9.80110787580979	32.6395114142461	20.5527468125624	1688.42680381312	94.0561690249321	94.0561690249321
59	Yaounde	3.897138	11.5136719	1145.94932340087	30.2494915190257	18.6714379342576	1644.04194645488	89.0685430608977	89.0685430608977
60	Luanda	-8.8399876	13.2894368	58689.1940910922	32.2654090704191	17.9497516684092	512.950838968399	229.967616160108	229.967616160108
61	Bundibugyo	0.707613	30.063658	2846.60616576283	27.5186032778634	15.88029972294	1349.65785259623	42.0688586677928	42.0688586677928
62	Entebbe	0.078	32.45	2103.15560746095	27.2686042701721	16.8567522331238	1511.6804	50.7186773513795	50.7186773513795
63	Kichwamba	-0.220484	30.098082	197.269439257071	28.6516016739842	16.2121867094616	985.804321709098	37.081140948768	37.081140948768
64	Karenga	3.5695944	33.6930611	630.214288078085	30.4661478812654	14.7914978790383	916.881760356729	118.106937742534	118.106937742534
65	Kakamega	0.284163	34.753605	5060.66760176401	28.2638357686618	13.1663611291435	1924.89371558721	85.1219885622115	85.1219885622115
66	Virembe	0.242379	34.849028	482.334472515429	27.4640982242012	12.9170050744217	1906.23426355353	78.8462010457099	78.8462010457099
67	Arabuko	-3.313413	39.942171	13.0778080376393	30.9082393684614	19.9844161527291	878.193337589055	118.527279370599	118.527279370599
68	Ganda	-3.2199547	40.061902	787.770165030774	30.9226907469149	19.5854730173051	1072.43850650371	124.862121195648	124.862121195648
69	KayaBomu	-3.932396	39.596201	177.229178932593	32.1054972452923	19.6308991181387	1144.49837883188	144.306444486674	144.306444486674
70	Kwale	-4.173403	39.447779	322.902966546391	30.9479204599566	18.2797259220015	1086.93807035712	146.317439364452	146.317439364452
71	Rabai 2009	-3.935733	39.573809	747.092356396817	31.7816275996785	19.3124037328031	1122.8468460455	143.793601938423	143.793601938423
72	Rabai 2017	-3.935733	39.573809	747.092356396817	31.7816275996785	19.3124037328031	1122.8468460455	143.793601938423	143.793601938423
73	Shimba Hills	-4.2356522	39.3977342	0.254714851478251	30.8164886520695	18.0852545619942	1103.03426346838	149.236727098536	149.236727098536
74	Skukusa	-24.996448	31.591886	484.563636554718	31.411300237091	7.16668022896931	608.709030618113	367.154995366209	367.154995366209
