cluster	au	bp	meandist	lowdist	size	valid	d	mean_wss	mean_bss	prop_bss	angle	admixed	f3	f3se
109	0.962905802006297	0.994430862953179	0.321542359848219	TRUE	2500000	TRUE	0.19	3.82	38.379	0.957	25	FALSE	0.057173271771194	0.00454883828523545
117	0.961308958500248	0.653844635089748	0.416214744205479	TRUE	6e+06	TRUE	0.19	3.27	84.106	0.981	35	TRUE	-0.0123407509205602	0.00407032915413081
128	0.994582956626866	0.939978457847848	0.374269944117151	TRUE	3e+06	TRUE	0.01	8.17	77.819	0.957	0	FALSE	0.0052875660993529	0.00373628296669999
144	0.954150476814145	0.387633714294472	0.511683603502929	TRUE	4e+06	FALSE	0.83	20.36	55.876	0.821	0	NA	NA	NA
146	0.991722311815869	0.927092723717165	0.487176751997807	TRUE	2500000	TRUE	0.12	2.97	35.802	0.958	-25	FALSE	0.0360703338349217	0.00463160383981356
148	0.956607298390503	0.301831677058558	0.448493686774526	TRUE	4e+06	FALSE	1.03	50.6	98.711	0.801	0	NA	NA	NA
166	0.993739539055984	0.981452789102106	0.579390866784897	TRUE	3e+06	TRUE	0.03	2.16	71.027	0.979	0	FALSE	0.0187889087930427	0.00275984417050524
171	0.971247811367275	0.9432261938554	0.396776585457606	TRUE	3e+06	TRUE	0.02	9.38	103.519	0.962	0	FALSE	0.00989076248787179	0.0104569870971982
173	0.988445672798503	0.945203767525678	0.518891656697254	TRUE	2500000	TRUE	0.17	1.16	27.515	0.974	5	FALSE	0.0359071473174469	0.00723827719545416
200	0.979712571341359	0.0224484872660273	0.505837427306462	TRUE	1e+07	TRUE	0.14	13.94	129.805	0.951	35	TRUE	-0.0316116935693154	0.00373451694893089
204	0.961842007961595	0.119064383191575	0.479852446220145	TRUE	6e+06	FALSE	0.35	46.27	202.757	0.801	0	NA	NA	NA
229	0.969262358058155	0.00730789470257279	0.540172961125125	TRUE	1.3e+07	FALSE	0.69	104.12	266.086	0.818	0	NA	NA	NA
230	0.957002344019072	0.34390971676483	0.572351634939584	TRUE	2500000	FALSE	1.9	24.85	29.558	0.716	0	NA	NA	NA
231	0.973188196163485	0.00422435690493928	0.539671411314831	TRUE	13500000	FALSE	0.7	107.6	279.895	0.82	0	NA	NA	NA
286	0.993254762211	0.706890435958584	0.634709497224055	TRUE	2500000	FALSE	1.43	16.05	37.213	0.703	0	NA	NA	NA
287	0.990244811053107	0.788952804525246	0.449302328126787	TRUE	2500000	FALSE	0.09	13.77	80.865	0.793	0	NA	NA	NA
295	0.950579981327444	0.0129371735592458	0.57077797022754	TRUE	23500000	FALSE	1.35	75.81	1774.259	0.845	0	NA	NA	NA
305	0.961418209217478	0.181955294140262	0.638442317342213	TRUE	3e+06	FALSE	0.18	16.13	62.316	0.716	0	NA	NA	NA
309	0.953045583069591	0.276149323809724	0.631049677303262	TRUE	3500000	FALSE	1.77	11.33	87.217	0.834	0	NA	NA	NA
317	0.980575904271718	0.0142439256631499	0.58034169318351	TRUE	25500000	FALSE	1.34	81.46	1945.993	0.848	0	NA	NA	NA
322	0.991328223440823	0.135778952303024	0.676438066930045	TRUE	3500000	TRUE	0.16	2.86	35.951	0.957	30	FALSE	0.0596632864784312	0.00812527230703348
323	0.966723918985572	0.168948052519407	0.647356368536454	TRUE	4e+06	TRUE	0.1	4.39	74.219	0.95	5	FALSE	0.00629206617101453	0.012414643331862
331	0.990774933916019	0.677012517431309	0.605349727264939	TRUE	5500000	FALSE	1.92	46.26	217.347	0.754	0	NA	NA	NA
343	0.972738702372679	0.021840979858092	0.725546119076908	FALSE	5500000	FALSE	0.73	22.76	139.587	0.757	0	NA	NA	NA
351	0.993270596603428	0.0880243042284483	0.757287760386705	FALSE	8e+06	FALSE	0.44	31.84	180.437	0.742	0	NA	NA	NA
356	0.998966194772224	0.992829124019876	0.473238039365557	TRUE	4e+06	TRUE	0	12.94	135.943	0.961	0	FALSE	0.00442253999105311	0.00759402550782946
363	0.994784985352739	0.00542167154077497	0.586210454743826	TRUE	2.7e+07	FALSE	1.39	89.84	2052.163	0.842	0	NA	NA	NA
365	0.981014952772435	0.983928197287324	0.355155841571148	TRUE	3e+06	FALSE	0.34	21.74	94.262	0.816	0	NA	NA	NA
367	0.986401037976129	0.00375256145673783	0.590964176777974	TRUE	6e+06	FALSE	1.84	42.5	138.915	0.769	0	NA	NA	NA
373	0.985957963673752	0.00338520125703636	0.587698799377016	TRUE	27500000	FALSE	1.39	90.85	2066.899	0.842	0	NA	NA	NA
386	0.981562494617684	0.54755506945771	0.618246484991616	TRUE	7500000	FALSE	0.31	19.27	161.474	0.81	0	NA	NA	NA
391	0.996663880791969	0.00128922120885171	0.590750254779341	TRUE	2.8e+07	FALSE	1.39	92.67	2092.245	0.841	0	NA	NA	NA
407	0.967255629261666	0.00250022086358255	0.621402983547989	TRUE	8e+06	FALSE	0.55	62.42	141.044	0.78	0	NA	NA	NA
417	0.982163831314156	0.00130214950405337	0.592512123986994	TRUE	28500000	FALSE	1.41	97.45	2122.504	0.836	0	NA	NA	NA
426	0.984344491789132	0.0324458227824016	0.681087673723131	TRUE	4500000	TRUE	0.08	7.47	92.194	0.959	-5	FALSE	0.0204318247649467	0.00289248879803733
434	0.99534382376001	0.00168079612911567	0.704218849342163	TRUE	9500000	FALSE	0.36	72.92	202.06	0.718	0	NA	NA	NA
440	0.982549649077296	0.0718790037747692	0.764150786046778	FALSE	8500000	FALSE	0.55	33.38	191.497	0.745	0	NA	NA	NA
458	0.961572038985254	0.00448952803464483	0.486193746645763	TRUE	6e+06	FALSE	0.19	17.01	307.177	0.808	0	NA	NA	NA
460	0.950251742228966	0.12715734672833	0.550184042204135	TRUE	3500000	TRUE	0.15	3.98	62.451	0.971	-25	FALSE	0.0184259383472369	0.00438178079760988
464	0.980017396584968	0.0211404448210477	0.689144653279795	TRUE	5e+06	TRUE	0.05	8.41	99.112	0.957	-5	FALSE	0.0224503374203973	0.00276762621726601
475	0.97659046253347	0.058328834315167	0.575080527726425	TRUE	7500000	FALSE	0.42	45.44	289.421	0.835	0	NA	NA	NA
481	0.969534153300084	0.00915596383340976	0.699760592872541	TRUE	5500000	FALSE	1.27	47.48	147.206	0.76	0	NA	NA	NA
482	0.974677380358164	0.00299579112596494	0.721249903563103	FALSE	10500000	FALSE	0.41	78.59	217.132	0.717	0	NA	NA	NA
486	0.984582218165943	0.066808495110659	0.567795862792482	TRUE	8e+06	FALSE	0.4	47.31	319.267	0.842	0	NA	NA	NA
491	0.985242380384487	0.00288105341890642	0.747463272865033	FALSE	16500000	FALSE	1.57	146.81	429.326	0.761	0	NA	NA	NA
502	0.964439060454406	0.00708408978952509	0.766800262473079	FALSE	5500000	TRUE	0.19	3.72	49.54	0.955	35	FALSE	0.0350731428641908	0.00895870775250671
506	0.981161087059161	0.0131011418317344	0.779028839355567	FALSE	9500000	FALSE	0.84	55.61	142.551	0.74	0	NA	NA	NA
529	0.950479660722066	0.158863466989931	0.619061028136033	TRUE	2500000	FALSE	0.04	15.36	47.229	0.758	0	NA	NA	NA
556	0.968786321205742	0.0267726676785689	0.714678918290334	FALSE	4e+06	TRUE	0.15	3.44	38.735	0.952	-25	FALSE	0.0565585068696087	0.00742957089661571
583	0.983691913912329	0.0935284959800181	0.687047173265699	TRUE	3500000	TRUE	0.08	3.59	36.862	0.955	-20	FALSE	0.0156371077101898	0.00306459534709524
60	0.998889363112785	0.997085643667833	0.419075372080914	TRUE	3500000	TRUE	0.07	3.83	105.185	0.963	-5	FALSE	-0.00303204255241189	0.00409077392254297
609	0.966831952604631	0.0036552809864951	0.791003496996638	FALSE	5500000	TRUE	0.2	2.99	48.701	0.965	25	FALSE	0.0106671907586231	0.00325328833274341
70	0.952182024522745	0.614043235825498	0.381624778571997	TRUE	4e+06	TRUE	0.2	4.14	53.963	0.967	35	TRUE	-0.010739320122812	0.00383635737993605
96	0.994767341925421	0.938705109494528	0.510222681219088	TRUE	3e+06	TRUE	0.12	4.18	43.3	0.959	5	FALSE	0.0478051439978807	0.00907680625461348
