cluster	au	bp	meandist	lowdist	size	valid	d	mean_wss	mean_bss	prop_bss	angle	admixed	f3	f3se
11	0.987239006632768	0.996103076675331	0.171869400605861	TRUE	4e+06	FALSE	0.97	1.59	188.244	0.978	0	NA	NA	NA
111	0.976910832532074	0.46604607445695	0.64846484221126	TRUE	2.1e+07	TRUE	0.15	15.29	176.751	0.955	-30	FALSE	0.0127641228047572	0.0103384870622325
20	0.962853649272575	0.997429765080336	0.25335297316528	TRUE	6500000	FALSE	1.08	5.34	122.704	0.977	0	NA	NA	NA
260	0.977078548216476	0.00125569370121974	0.705457827745584	TRUE	2500000	FALSE	0.83	14.97	27.556	0.776	0	NA	NA	NA
28	0.988745379376426	0.927196225312361	0.355394718190568	TRUE	3e+06	TRUE	0.18	0.59	38.574	0.979	20	FALSE	0.223504273504274	0.0279568016215232
36	0.959172213972636	0.876954141736541	0.421994291715246	TRUE	1.1e+07	FALSE	1.22	48.17	181.914	0.886	0	NA	NA	NA
40	0.99263385010025	0.769292030934608	0.452254823738647	TRUE	12500000	FALSE	0.66	47	221.849	0.907	0	NA	NA	NA
72	0.959292504359212	0.171542633060467	0.722872304652443	TRUE	5e+06	TRUE	0.18	3.2	56.994	0.959	0	TRUE	-0.242826120676284	0.0284765180856796
8	0.96874302000096	0.947403693980673	0.155381467729044	TRUE	3500000	FALSE	0.97	1.23	150.495	0.978	0	NA	NA	NA
