cluster	au	bp	meandist	lowdist	size	valid	d	mean_wss	mean_bss	prop_bss	angle	admixed	f3	f3se
10	1	1	0.074175553353432	TRUE	4e+06	TRUE	0.02	0.09	137.941	1	0	FALSE	-0.00218961387503492	0.00113038034058176
123	0.974978822994995	0.992136883835851	0.349365009098791	TRUE	2500000	FALSE	0.65	29.17	70.893	0.844	0	NA	NA	NA
126	0.98122582252867	0.942085011983386	0.298115933179341	TRUE	3e+06	TRUE	0.11	2.24	44.269	0.972	0	FALSE	0.0401910089634113	0.00518941099927958
147	0.995719429324351	0.905044158504835	0.368475198880752	TRUE	7e+06	TRUE	0.02	10.3	141.083	0.96	0	TRUE	-0.14924350877193	0.00854570226928732
152	0.975216161278165	0.871089170866616	0.390739384328964	TRUE	8500000	TRUE	0.04	5.14	237.079	0.982	0	FALSE	0.0337536461409066	0.00262610362483172
170	0.995731068713788	0.986145167500846	0.307569928797608	TRUE	2500000	TRUE	0.19	0.56	68.981	0.997	10	FALSE	0.0956077737006917	0.0140285886931698
205	0.999326005528734	0.999063353584208	0.163576712159839	TRUE	5500000	TRUE	0.01	0.12	183.142	1	0	FALSE	0.0116668521825541	0.00443847884275622
231	0.973113456740004	0.681925144357554	0.473598889328277	TRUE	13500000	TRUE	0.04	20.62	275.68	0.961	-5	TRUE	-0.151647339400235	0.0079207845351719
232	0.973507069596042	0.971619375350851	0.39507958403323	TRUE	3e+06	FALSE	0.72	30.08	73.041	0.844	0	NA	NA	NA
236	0.976367738414332	0.0160498643520763	0.577520341198251	TRUE	5500000	FALSE	1.69	64.96	135.983	0.794	0	NA	NA	NA
24	1	1	0.0822969249393504	TRUE	4500000	TRUE	0.01	0.08	157.255	1	0	FALSE	-0.00103704508550491	0.00188034751398083
250	0.959399812703223	0.346308911286746	0.510103070405597	TRUE	1.4e+07	FALSE	1.91	83.64	459.483	0.736	0	NA	NA	NA
251	0.961933099754811	0.676707601020189	0.484059773774422	TRUE	4e+06	FALSE	1.61	60.47	94.537	0.763	0	NA	NA	NA
252	0.9600734140272	0.0049349789754847	0.611208053623875	TRUE	6500000	FALSE	0.84	32.97	358.611	0.8	0	NA	NA	NA
253	1	1	0.203917717948338	TRUE	2500000	FALSE	1.18	27.19	140.497	0.804	0	NA	NA	NA
262	0.960709657792607	0.220139186949882	0.683096079666253	FALSE	5e+06	FALSE	0.04	33.13	79.227	0.739	0	NA	NA	NA
278	0.954645578860059	0.935427109988834	0.430081000375927	TRUE	12500000	TRUE	0.04	5.71	346.733	0.986	0	FALSE	0.0316464859683121	0.0025055285387294
280	0.961034538128404	0.182234955314225	0.607877016140647	TRUE	2500000	FALSE	0.21	20.36	42.848	0.7	0	NA	NA	NA
282	0.979534994162519	0.0193790367367389	0.627145409745771	FALSE	9500000	TRUE	0.17	12.13	197.735	0.959	10	FALSE	0.0963756804003765	0.0063588148642381
290	0.994364781725351	0.991039038368326	0.56614953993444	TRUE	3e+06	FALSE	0.41	13.29	53.211	0.899	0	NA	NA	NA
292	0.956740356643918	0.017275188687255	0.632623603977759	FALSE	1e+07	TRUE	0.19	12.1	205.512	0.961	10	FALSE	0.0984875112278999	0.00671203483682289
307	0.989314447034035	0.989109314929615	0.474168249846117	TRUE	14500000	TRUE	0.03	20.92	293.829	0.963	-5	TRUE	-0.151328937665223	0.00772768802696164
325	0.987919895100941	0.967514096001942	0.534341441629065	TRUE	3e+06	FALSE	0.53	28.36	94.65	0.726	0	NA	NA	NA
349	0.970778058217464	0.0253941876522993	0.755857688146979	FALSE	7500000	FALSE	0.71	48.44	105.734	0.708	0	NA	NA	NA
353	0.993157020808695	0.00250020019982751	0.654126511064518	FALSE	12500000	TRUE	0.18	12.5	249.491	0.966	5	FALSE	0.0896637594779819	0.00572983959636472
359	0.960543109984328	0.0293230949444042	0.45117111856657	TRUE	8500000	FALSE	0.22	45.8	352.648	0.876	0	NA	NA	NA
360	0.988831330208117	0.855926619063109	0.375871434182546	TRUE	2500000	FALSE	1.75	41.06	83.37	0.822	0	NA	NA	NA
361	0.983045737920365	0.0251041877923899	0.77265644918793	FALSE	8500000	FALSE	0.5	60.52	107.13	0.713	0	NA	NA	NA
370	0.960766335384269	0.74580689094717	0.529939983059625	TRUE	16500000	TRUE	0.02	26.25	239.193	0.951	5	FALSE	0.00408908961888744	0.00201647603150024
386	0.969694266346051	0.00206157226800725	0.659911258360172	FALSE	13500000	TRUE	0.17	14.07	262.956	0.964	5	FALSE	0.0879135799326222	0.00542804644397972
396	0.965141990917386	0.0363064412328199	0.456910160031782	TRUE	9500000	FALSE	0.51	50.47	389.652	0.876	0	NA	NA	NA
416	0.97385300801498	0.0366269095816031	0.460439878460981	TRUE	1e+07	FALSE	0.75	51.84	407.74	0.878	0	NA	NA	NA
423	0.98591160502051	0.0219582248877064	0.698869383958432	FALSE	2500000	FALSE	0.08	24.74	72.177	0.749	0	NA	NA	NA
425	0.974410144705248	0.576735066672442	0.579793055381704	TRUE	3e+06	TRUE	0.19	0.9	29.384	0.984	0	FALSE	0.00878489933712821	0.00758193621279365
438	0.97849534643918	0.0633431373602521	0.66797555118925	FALSE	3500000	FALSE	1.56	14.46	103.286	0.784	0	NA	NA	NA
443	0.967418650009173	0.0272493540243599	0.473189338868102	TRUE	10500000	FALSE	0.88	54.3	418.505	0.876	0	NA	NA	NA
451	0.985643623789157	0.00645371578377859	0.758292700742331	FALSE	3500000	FALSE	0.11	31.24	93.9	0.754	0	NA	NA	NA
461	0.95469298334251	0.0155757977673664	0.806069826441055	FALSE	10500000	FALSE	1.64	44.64	220.322	0.715	0	NA	NA	NA
477	0.980614504904257	0.0061726758092616	0.777753975075103	FALSE	4e+06	FALSE	0.09	28.31	118.121	0.81	0	NA	NA	NA
478	0.965220298816026	0.0122678454321063	0.572454014680104	TRUE	2.7e+07	TRUE	0.06	53.84	541.342	0.955	20	FALSE	0.0641350525916388	0.00440400231112146
486	0.951715222926037	0.0254298479702453	0.579706199843578	TRUE	2.9e+07	TRUE	0.1	64.16	630.295	0.954	15	FALSE	0.0611995786422068	0.00420062606307485
495	0.986755073894133	0.00786784797893439	0.842596500208505	FALSE	1.3e+07	FALSE	1.82	58.75	224.377	0.714	0	NA	NA	NA
498	0.95977745607256	0.0140615967338747	0.530911994001322	TRUE	8500000	TRUE	0.2	9.54	165.582	0.954	15	FALSE	0.0434230802915489	0.00316824005643829
499	0.993373392610099	0.00509663366648444	0.501002087638087	TRUE	1.3e+07	FALSE	0.35	66.02	500.892	0.875	0	NA	NA	NA
503	0.954080134405191	0.00533125181048991	0.502266676183299	TRUE	13500000	FALSE	0.43	68.2	516.855	0.874	0	NA	NA	NA
507	1	1	0.439187752515396	TRUE	1.3e+07	TRUE	0.04	5.55	360.387	0.987	0	FALSE	0.0317157893318239	0.00243569848409533
51	1	1	0.295022637022662	TRUE	3e+06	TRUE	0.06	1.61	64.719	0.987	0	TRUE	-0.0159693540232567	0.00223713695960277
513	0.98682548900305	0.0407357509146447	0.580038867769907	TRUE	29500000	TRUE	0.11	66.57	635.825	0.953	15	FALSE	0.0612695108185417	0.00418711418067911
516	0.993548399429997	0.00328332665237604	0.504874118456703	TRUE	1.4e+07	FALSE	0.33	70.7	530.985	0.873	0	NA	NA	NA
531	0.997238028751176	0.0212929961387107	0.681530486856489	FALSE	7500000	FALSE	0.04	51.8	202.515	0.756	0	NA	NA	NA
537	0.958276740726418	0.462111659322352	0.568602742317367	TRUE	4500000	TRUE	0.19	3.21	51.935	0.967	0	FALSE	0.00646917227419443	0.00563544412821785
539	0.972556095057413	0.00539238313479341	0.547790032709237	TRUE	9500000	FALSE	1.04	44.08	263.722	0.867	0	NA	NA	NA
544	0.952970335994634	0.514187749235683	0.655547193071342	FALSE	6e+06	TRUE	0.19	2.11	84.066	0.981	40	FALSE	0.0105768606839271	0.00360998835721207
549	0.980851874923379	0.0184436225378088	0.551229235299213	TRUE	10500000	TRUE	0.2	9.15	213.52	0.965	10	FALSE	0.0505282633246783	0.00397825890857426
553	0.979799032457569	0.00554493633695122	0.691584811600885	FALSE	8e+06	FALSE	0.16	54.24	215.493	0.759	0	NA	NA	NA
554	0.952450742660273	0.670503296894599	0.405144603515956	TRUE	3500000	TRUE	0.19	0.6	58.628	0.991	30	FALSE	-0.00789751602840798	0.00447302823180843
576	0.973069137727715	0.0308482141805271	0.581814861165121	TRUE	3e+07	TRUE	0.1	67.45	647.129	0.953	15	FALSE	0.0627708899257153	0.00422294326331368
586	0.965629008042721	0.0197946092356223	0.581912033014619	TRUE	30500000	TRUE	0.1	67.39	651.335	0.953	15	FALSE	0.0634028503190874	0.00418655767584174
594	0.975121066467069	0.0268453305419735	0.587535573758081	TRUE	31500000	TRUE	0.1	67.24	660.248	0.954	15	FALSE	0.0658819302520448	0.00443991986428641
596	0.95234281401109	0.150996430902095	0.683238915053668	FALSE	1.4e+07	FALSE	1.19	108.24	433.458	0.786	0	NA	NA	NA
6	1	1	0.0671465261760797	TRUE	3500000	TRUE	0.02	0.08	131.158	1	0	TRUE	-0.00274885902370286	0.00124478716619888
60	0.995459046824061	0.996339330001404	0.224248525384284	TRUE	2500000	TRUE	0.14	3.29	52.412	0.967	0	FALSE	0.0223456085058979	0.00428755324199975
615	0.976667392122665	0.00383488208731013	0.538087725169829	TRUE	20500000	FALSE	0.54	95.22	747.611	0.878	0	NA	NA	NA
619	0.986723655810513	0.0237681635475482	0.587784895827285	TRUE	3.2e+07	TRUE	0.1	68.68	663.338	0.953	15	FALSE	0.0665695469748307	0.0044276929760393
621	0.971582196583827	0.00402564249714099	0.864138205952971	FALSE	15500000	FALSE	1.54	79.52	246.317	0.711	0	NA	NA	NA
622	0.974473379578277	0.00256127742551122	0.865425972936345	FALSE	1.6e+07	FALSE	1.65	79.38	253.937	0.717	0	NA	NA	NA
626	0.977619817757438	0.0134806243904481	0.589162170850772	TRUE	33500000	TRUE	0.09	72.74	684.437	0.952	15	FALSE	0.0686998599818265	0.00443223040693087
633	0.99142769813293	0.00759000195461805	0.595644929719347	TRUE	3.5e+07	TRUE	0.09	76.44	702.173	0.951	15	FALSE	0.0685081651612326	0.00430179577846218
634	0.99137750004593	0.00436106747965532	0.557582573256135	TRUE	1.1e+07	TRUE	0.18	11.36	217.775	0.958	10	FALSE	0.0505473475102943	0.00382963454730915
641	0.98330464692449	0.883647385418829	0.533941761536673	TRUE	6500000	TRUE	0.1	6.1	72.795	0.962	30	TRUE	-0.0383996857314723	0.00674689351829255
645	0.952363043219764	0.0424267823556478	0.558299395430723	TRUE	3500000	FALSE	1.23	30.41	101.918	0.785	0	NA	NA	NA
647	0.957932086561569	0.0398742975339537	0.578973889325294	TRUE	4e+06	FALSE	1.24	37.22	108.556	0.76	0	NA	NA	NA
654	0.962535772510477	0.664559338459473	0.418819528919367	TRUE	4e+06	FALSE	0.67	35.97	142.214	0.802	0	NA	NA	NA
659	0.973039681441608	0.0115676354812171	0.646300434098925	FALSE	50500000	TRUE	0.19	67.33	676.164	0.957	40	FALSE	0.104729762881162	0.00452217862972516
662	0.955620932930483	0.00232236783438582	0.557073647543542	TRUE	2.7e+07	FALSE	1.52	132.11	1009.389	0.875	0	NA	NA	NA
664	0.983116180579389	0.0024636354927459	0.558080077577477	TRUE	27500000	FALSE	1.4	134.1	1025.663	0.875	0	NA	NA	NA
667	0.962823112580899	0.282240364247238	0.617686055191094	FALSE	5e+06	TRUE	0.17	4.26	53.386	0.958	0	FALSE	0.00449539743776708	0.00516266332726997
677	0.957153246698302	0.00793121655193397	0.642403633242354	FALSE	5.2e+07	TRUE	0.2	71.04	697.447	0.956	40	FALSE	0.106007354104274	0.0044346103670084
68	1	1	0.29457918614606	TRUE	5e+06	TRUE	0.02	3.34	109.616	0.983	0	TRUE	-0.143171623598245	0.00999750870074944
688	0.955101937936611	0.115311611538651	0.581108571957885	TRUE	2.2e+07	TRUE	0.01	32.5	340.357	0.957	0	FALSE	-0.000769707891947859	0.00180731690683564
704	0.986252857404172	0.144223866800477	0.593261688551002	TRUE	5e+06	TRUE	0.01	4.18	72.797	0.962	40	FALSE	0.00871389203792996	0.0019086147114864
715	0.967542214948909	0.00266370740556677	0.6444405046092	FALSE	60500000	TRUE	0.19	81.86	790.436	0.955	40	FALSE	0.106789767321495	0.00410604396971409
727	0.982106195326317	0.237152373032479	0.682160130043355	FALSE	6e+06	TRUE	0.15	5.03	57.47	0.955	5	FALSE	0.00374605035994658	0.00460298239670775
95	1	1	0.117349054269297	TRUE	5e+06	TRUE	0.02	0.1	170.672	1	0	FALSE	0.00527079732305101	0.00436109196817945
