chrom pos i inv assoc Debug013_aegypti_Bundibugyo_Uganda_01 Debug013_aegypti_Bundibugyo_Uganda_04 Debug013_aegypti_Bundibugyo_Uganda_09 Debug013_aegypti_Bundibugyo_Uganda_10 Debug013_aegypti_Bundibugyo_Uganda_11 Debug013_aegypti_Bundibugyo_Uganda_36 Debug013_aegypti_Bundibugyo_Uganda_37 Debug013_aegypti_Kichwamba_Uganda_01 Debug013_aegypti_Kichwamba_Uganda_02 Debug013_aegypti_Kichwamba_Uganda_03 Debug013_aegypti_Kichwamba_Uganda_07 Debug013_aegypti_Kichwamba_Uganda_09 Debug014_aegypti_Entebbe_Uganda_01 Debug014_aegypti_Entebbe_Uganda_03 Debug014_aegypti_Entebbe_Uganda_04 Debug014_aegypti_Entebbe_Uganda_10 Debug014_aegypti_Entebbe_Uganda_11 Debug014_aegypti_Entebbe_Uganda_14 Debug014_aegypti_Entebbe_Uganda_15 Debug014_aegypti_Entebbe_Uganda_20 Debug014_aegypti_Entebbe_Uganda_21 Debug014_aegypti_Entebbe_Uganda_23 Debug014_aegypti_Entebbe_Uganda_24 Debug014_aegypti_Kichwamba_Uganda_15 Debug014_aegypti_Kichwamba_Uganda_17 Debug014_aegypti_Kichwamba_Uganda_18 include
NC_035107.1 169905145 1 1_Uganda_1_2 6.2062659100187e-08 1 1 1 1 1 1 1 1 2 2 1 0 1 0 0 1 1 1 1 0 1 2 2 1 2 1 FALSE
NC_035107.1 302737253 1 1_Uganda_2_2 1.11068008291105e-08 2 0 1 1 2 2 1 2 2 2 0 0 0 0 1 2 2 1 0 1 0 1 2 2 2 2 FALSE
NC_035107.1 303623721 2 1_Uganda_2_2 1.02583724429464e-08 1 0 1 1 2 1 1 2 2 2 0 0 0 0 1 1 1 1 0 1 0 1 2 2 2 2 FALSE
NC_035107.1 303623871 3 1_Uganda_2_2 1.02583724429464e-08 1 0 1 1 2 1 1 2 2 2 0 0 0 0 1 1 1 1 0 1 0 1 2 2 2 2 FALSE
NC_035107.1 303624338 4 1_Uganda_2_2 5.113248579177e-08 1 0 1 1 1 1 1 2 2 2 0 0 0 0 1 1 1 1 0 1 0 1 2 2 2 2 FALSE
NC_035107.1 304084650 5 1_Uganda_2_2 5.113248579177e-08 1 0 1 1 2 1 1 2 2 1 0 0 0 0 1 1 1 1 0 1 0 1 2 2 2 2 FALSE
NC_035107.1 304093201 6 1_Uganda_2_2 1.48165942862274e-09 1 0 1 1 2 1 1 2 2 1 0 0 0 0 1 2 2 1 0 1 0 1 2 2 2 2 FALSE
NC_035107.1 304152831 7 1_Uganda_2_2 1.02583724429464e-08 1 0 1 1 2 1 1 2 2 2 0 0 0 0 1 1 1 1 0 1 0 1 2 2 2 2 FALSE
NC_035107.1 305083944 8 1_Uganda_2_2 5.113248579177e-08 1 0 1 1 2 1 1 2 2 2 0 0 0 0 1 1 1 1 0 1 0 1 1 2 2 2 FALSE
NC_035107.1 306582751 9 1_Uganda_2_2 9.53971656964271e-08 1 0 1 1 2 1 1 2 2 2 0 0 0 0 2 1 1 1 0 1 0 1 2 2 2 2 FALSE
NC_035107.1 306582869 10 1_Uganda_2_2 1.02583724429464e-08 1 0 1 1 2 1 1 2 2 2 0 0 0 0 1 1 1 1 0 1 0 1 2 2 2 2 FALSE
NC_035107.1 306599545 11 1_Uganda_2_2 1.51754602239655e-09 1 0 1 1 2 2 1 2 2 2 0 0 0 0 1 2 2 1 0 1 0 1 2 2 2 2 FALSE
NC_035107.1 306603050 12 1_Uganda_2_2 9.53971656964271e-08 1 0 1 1 2 1 1 2 2 2 0 0 0 0 1 1 1 1 0 1 0 2 2 2 2 2 FALSE
NC_035107.1 306839746 13 1_Uganda_2_2 5.113248579177e-08 1 0 1 1 2 1 1 2 1 2 0 0 0 0 1 1 1 1 0 1 0 1 2 2 2 2 FALSE
NC_035107.1 306856409 14 1_Uganda_2_2 5.113248579177e-08 1 0 1 1 2 1 1 2 2 2 0 0 0 0 1 1 1 1 0 1 0 1 2 1 2 2 FALSE
NC_035107.1 306863501 15 1_Uganda_2_2 1.02583724429464e-08 1 0 1 1 2 1 1 2 2 2 0 0 0 0 1 1 1 1 0 1 0 1 2 2 2 2 FALSE
NC_035107.1 307088769 16 1_Uganda_2_2 9.53971656964271e-08 1 0 1 1 2 1 1 2 2 2 0 0 0 0 1 1 1 1 0 1 0 2 2 2 2 2 FALSE
NC_035107.1 307166026 17 1_Uganda_2_2 5.113248579177e-08 1 0 1 1 2 1 1 2 2 1 0 0 0 0 1 1 1 1 0 1 0 1 2 2 2 2 FALSE
NC_035107.1 155018086 1 1_Uganda_3_1 1.3794540375771e-10 1 2 0 0 0 0 0 0 1 1 0 1 1 1 1 1 1 1 1 1 0 1 1 0 0 0 TRUE
NC_035107.1 155048298 2 1_Uganda_3_1 1.3794540375771e-10 1 2 0 0 0 0 0 0 1 1 0 1 1 1 1 1 1 1 1 1 0 1 1 0 0 0 TRUE
NC_035107.1 155056282 3 1_Uganda_3_1 1.3794540375771e-10 1 2 0 0 0 0 0 0 1 1 0 1 1 1 1 1 1 1 1 1 0 1 1 0 0 0 TRUE
NC_035107.1 155056636 4 1_Uganda_3_1 1.3794540375771e-10 1 2 0 0 0 0 0 0 1 1 0 1 1 1 1 1 1 1 1 1 0 1 1 0 0 0 TRUE
NC_035107.1 155062831 5 1_Uganda_3_1 1.3794540375771e-10 1 2 0 0 0 0 0 0 1 1 0 1 1 1 1 1 1 1 1 1 0 1 1 0 0 0 TRUE
NC_035107.1 155093850 6 1_Uganda_3_1 1.3794540375771e-10 1 2 0 0 0 0 0 0 1 1 0 1 1 1 1 1 1 1 1 1 0 1 1 0 0 0 TRUE
NC_035107.1 155106868 7 1_Uganda_3_1 1.3794540375771e-10 1 2 0 0 0 0 0 0 1 1 0 1 1 1 1 1 1 1 1 1 0 1 1 0 0 0 TRUE
NC_035107.1 155153774 8 1_Uganda_3_1 1.3794540375771e-10 1 2 0 0 0 0 0 0 1 1 0 1 1 1 1 1 1 1 1 1 0 1 1 0 0 0 TRUE
NC_035107.1 155174130 9 1_Uganda_3_1 1.3794540375771e-10 1 2 0 0 0 0 0 0 1 1 0 1 1 1 1 1 1 1 1 1 0 1 1 0 0 0 TRUE
NC_035107.1 155215625 10 1_Uganda_3_1 1.3794540375771e-10 1 2 0 0 0 0 0 0 1 1 0 1 1 1 1 1 1 1 1 1 0 1 1 0 0 0 TRUE
NC_035107.1 155279876 11 1_Uganda_3_1 1.3794540375771e-10 1 2 0 0 0 0 0 0 1 1 0 1 1 1 1 1 1 1 1 1 0 1 1 0 0 0 TRUE
NC_035107.1 155295767 12 1_Uganda_3_1 1.3794540375771e-10 1 2 0 0 0 0 0 0 1 1 0 1 1 1 1 1 1 1 1 1 0 1 1 0 0 0 TRUE
NC_035107.1 155365830 13 1_Uganda_3_1 1.3794540375771e-10 1 2 0 0 0 0 0 0 1 1 0 1 1 1 1 1 1 1 1 1 0 1 1 0 0 0 TRUE
NC_035107.1 155388981 14 1_Uganda_3_1 1.3794540375771e-10 1 2 0 0 0 0 0 0 1 1 0 1 1 1 1 1 1 1 1 1 0 1 1 0 0 0 TRUE
NC_035107.1 155392541 15 1_Uganda_3_1 1.3794540375771e-10 1 2 0 0 0 0 0 0 1 1 0 1 1 1 1 1 1 1 1 1 0 1 1 0 0 0 TRUE
NC_035107.1 155396101 16 1_Uganda_3_1 1.3794540375771e-10 1 2 0 0 0 0 0 0 1 1 0 1 1 1 1 1 1 1 1 1 0 1 1 0 0 0 TRUE
NC_035107.1 155404261 17 1_Uganda_3_1 1.3794540375771e-10 1 2 0 0 0 0 0 0 1 1 0 1 1 1 1 1 1 1 1 1 0 1 1 0 0 0 TRUE
NC_035107.1 155427652 18 1_Uganda_3_1 1.3794540375771e-10 1 2 0 0 0 0 0 0 1 1 0 1 1 1 1 1 1 1 1 1 0 1 1 0 0 0 TRUE
NC_035107.1 155428957 19 1_Uganda_3_1 1.3794540375771e-10 1 2 0 0 0 0 0 0 1 1 0 1 1 1 1 1 1 1 1 1 0 1 1 0 0 0 TRUE
NC_035107.1 155434800 20 1_Uganda_3_1 1.3794540375771e-10 1 2 0 0 0 0 0 0 1 1 0 1 1 1 1 1 1 1 1 1 0 1 1 0 0 0 TRUE
NC_035107.1 155438689 21 1_Uganda_3_1 1.3794540375771e-10 1 2 0 0 0 0 0 0 1 1 0 1 1 1 1 1 1 1 1 1 0 1 1 0 0 0 TRUE
NC_035107.1 155446691 22 1_Uganda_3_1 1.3794540375771e-10 1 2 0 0 0 0 0 0 1 1 0 1 1 1 1 1 1 1 1 1 0 1 1 0 0 0 TRUE
NC_035107.1 155449834 23 1_Uganda_3_1 1.3794540375771e-10 1 2 0 0 0 0 0 0 1 1 0 1 1 1 1 1 1 1 1 1 0 1 1 0 0 0 TRUE
NC_035107.1 155449909 24 1_Uganda_3_1 1.3794540375771e-10 1 2 0 0 0 0 0 0 1 1 0 1 1 1 1 1 1 1 1 1 0 1 1 0 0 0 TRUE
NC_035107.1 155450195 25 1_Uganda_3_1 1.3794540375771e-10 1 2 0 0 0 0 0 0 1 1 0 1 1 1 1 1 1 1 1 1 0 1 1 0 0 0 TRUE
NC_035107.1 155450285 26 1_Uganda_3_1 1.3794540375771e-10 1 2 0 0 0 0 0 0 1 1 0 1 1 1 1 1 1 1 1 1 0 1 1 0 0 0 TRUE
NC_035107.1 155457609 27 1_Uganda_3_1 1.3794540375771e-10 1 2 0 0 0 0 0 0 1 1 0 1 1 1 1 1 1 1 1 1 0 1 1 0 0 0 TRUE
NC_035107.1 155458969 28 1_Uganda_3_1 1.3794540375771e-10 1 2 0 0 0 0 0 0 1 1 0 1 1 1 1 1 1 1 1 1 0 1 1 0 0 0 TRUE
NC_035107.1 155464549 29 1_Uganda_3_1 1.3794540375771e-10 1 2 0 0 0 0 0 0 1 1 0 1 1 1 1 1 1 1 1 1 0 1 1 0 0 0 TRUE
NC_035107.1 155464826 30 1_Uganda_3_1 1.3794540375771e-10 1 2 0 0 0 0 0 0 1 1 0 1 1 1 1 1 1 1 1 1 0 1 1 0 0 0 TRUE
NC_035107.1 155472198 31 1_Uganda_3_1 1.3794540375771e-10 1 2 0 0 0 0 0 0 1 1 0 1 1 1 1 1 1 1 1 1 0 1 1 0 0 0 TRUE
NC_035107.1 155478222 32 1_Uganda_3_1 1.3794540375771e-10 1 2 0 0 0 0 0 0 1 1 0 1 1 1 1 1 1 1 1 1 0 1 1 0 0 0 TRUE
NC_035107.1 155479201 33 1_Uganda_3_1 1.3794540375771e-10 1 2 0 0 0 0 0 0 1 1 0 1 1 1 1 1 1 1 1 1 0 1 1 0 0 0 TRUE
NC_035107.1 155525407 34 1_Uganda_3_1 1.3794540375771e-10 1 2 0 0 0 0 0 0 1 1 0 1 1 1 1 1 1 1 1 1 0 1 1 0 0 0 TRUE
NC_035107.1 155525410 35 1_Uganda_3_1 1.3794540375771e-10 1 2 0 0 0 0 0 0 1 1 0 1 1 1 1 1 1 1 1 1 0 1 1 0 0 0 TRUE
NC_035107.1 155527086 36 1_Uganda_3_1 1.3794540375771e-10 1 2 0 0 0 0 0 0 1 1 0 1 1 1 1 1 1 1 1 1 0 1 1 0 0 0 TRUE
NC_035107.1 155560036 37 1_Uganda_3_1 1.3794540375771e-10 1 2 0 0 0 0 0 0 1 1 0 1 1 1 1 1 1 1 1 1 0 1 1 0 0 0 TRUE
NC_035107.1 155561645 38 1_Uganda_3_1 1.3794540375771e-10 1 2 0 0 0 0 0 0 1 1 0 1 1 1 1 1 1 1 1 1 0 1 1 0 0 0 TRUE
NC_035107.1 155565499 39 1_Uganda_3_1 1.3794540375771e-10 1 2 0 0 0 0 0 0 1 1 0 1 1 1 1 1 1 1 1 1 0 1 1 0 0 0 TRUE
NC_035107.1 155568800 40 1_Uganda_3_1 1.3794540375771e-10 1 2 0 0 0 0 0 0 1 1 0 1 1 1 1 1 1 1 1 1 0 1 1 0 0 0 TRUE
NC_035107.1 155569615 41 1_Uganda_3_1 1.3794540375771e-10 1 2 0 0 0 0 0 0 1 1 0 1 1 1 1 1 1 1 1 1 0 1 1 0 0 0 TRUE
NC_035107.1 155569709 42 1_Uganda_3_1 1.3794540375771e-10 1 2 0 0 0 0 0 0 1 1 0 1 1 1 1 1 1 1 1 1 0 1 1 0 0 0 TRUE
NC_035107.1 155588701 43 1_Uganda_3_1 1.3794540375771e-10 1 2 0 0 0 0 0 0 1 1 0 1 1 1 1 1 1 1 1 1 0 1 1 0 0 0 TRUE
NC_035107.1 155617445 44 1_Uganda_3_1 1.3794540375771e-10 1 2 0 0 0 0 0 0 1 1 0 1 1 1 1 1 1 1 1 1 0 1 1 0 0 0 TRUE
NC_035107.1 155618975 45 1_Uganda_3_1 1.3794540375771e-10 1 2 0 0 0 0 0 0 1 1 0 1 1 1 1 1 1 1 1 1 0 1 1 0 0 0 TRUE
NC_035107.1 155620526 46 1_Uganda_3_1 1.3794540375771e-10 1 2 0 0 0 0 0 0 1 1 0 1 1 1 1 1 1 1 1 1 0 1 1 0 0 0 TRUE
NC_035107.1 155621653 47 1_Uganda_3_1 1.3794540375771e-10 1 2 0 0 0 0 0 0 1 1 0 1 1 1 1 1 1 1 1 1 0 1 1 0 0 0 TRUE
NC_035107.1 155623963 48 1_Uganda_3_1 1.3794540375771e-10 1 2 0 0 0 0 0 0 1 1 0 1 1 1 1 1 1 1 1 1 0 1 1 0 0 0 TRUE
NC_035107.1 155628042 49 1_Uganda_3_1 1.3794540375771e-10 1 2 0 0 0 0 0 0 1 1 0 1 1 1 1 1 1 1 1 1 0 1 1 0 0 0 TRUE
NC_035107.1 155633499 50 1_Uganda_3_1 1.3794540375771e-10 1 2 0 0 0 0 0 0 1 1 0 1 1 1 1 1 1 1 1 1 0 1 1 0 0 0 TRUE
NC_035107.1 155635407 51 1_Uganda_3_1 1.3794540375771e-10 1 2 0 0 0 0 0 0 1 1 0 1 1 1 1 1 1 1 1 1 0 1 1 0 0 0 TRUE
NC_035107.1 155644580 52 1_Uganda_3_1 1.3794540375771e-10 1 2 0 0 0 0 0 0 1 1 0 1 1 1 1 1 1 1 1 1 0 1 1 0 0 0 TRUE
NC_035107.1 155644606 53 1_Uganda_3_1 1.3794540375771e-10 1 2 0 0 0 0 0 0 1 1 0 1 1 1 1 1 1 1 1 1 0 1 1 0 0 0 TRUE
NC_035107.1 155644630 54 1_Uganda_3_1 1.3794540375771e-10 1 2 0 0 0 0 0 0 1 1 0 1 1 1 1 1 1 1 1 1 0 1 1 0 0 0 TRUE
NC_035107.1 155644725 55 1_Uganda_3_1 1.3794540375771e-10 1 2 0 0 0 0 0 0 1 1 0 1 1 1 1 1 1 1 1 1 0 1 1 0 0 0 TRUE
NC_035107.1 155646396 56 1_Uganda_3_1 1.3794540375771e-10 1 2 0 0 0 0 0 0 1 1 0 1 1 1 1 1 1 1 1 1 0 1 1 0 0 0 TRUE
NC_035107.1 155654276 57 1_Uganda_3_1 1.3794540375771e-10 1 2 0 0 0 0 0 0 1 1 0 1 1 1 1 1 1 1 1 1 0 1 1 0 0 0 TRUE
NC_035107.1 155672692 58 1_Uganda_3_1 1.3794540375771e-10 1 2 0 0 0 0 0 0 1 1 0 1 1 1 1 1 1 1 1 1 0 1 1 0 0 0 TRUE
NC_035107.1 155688184 59 1_Uganda_3_1 1.3794540375771e-10 1 2 0 0 0 0 0 0 1 1 0 1 1 1 1 1 1 1 1 1 0 1 1 0 0 0 TRUE
NC_035107.1 155697140 60 1_Uganda_3_1 1.3794540375771e-10 1 2 0 0 0 0 0 0 1 1 0 1 1 1 1 1 1 1 1 1 0 1 1 0 0 0 TRUE
NC_035107.1 155704827 61 1_Uganda_3_1 1.3794540375771e-10 1 2 0 0 0 0 0 0 1 1 0 1 1 1 1 1 1 1 1 1 0 1 1 0 0 0 TRUE
NC_035107.1 155706243 62 1_Uganda_3_1 1.3794540375771e-10 1 2 0 0 0 0 0 0 1 1 0 1 1 1 1 1 1 1 1 1 0 1 1 0 0 0 TRUE
NC_035107.1 155732800 63 1_Uganda_3_1 1.3794540375771e-10 1 2 0 0 0 0 0 0 1 1 0 1 1 1 1 1 1 1 1 1 0 1 1 0 0 0 TRUE
NC_035107.1 155745211 64 1_Uganda_3_1 1.3794540375771e-10 1 2 0 0 0 0 0 0 1 1 0 1 1 1 1 1 1 1 1 1 0 1 1 0 0 0 TRUE
NC_035107.1 155746411 65 1_Uganda_3_1 1.3794540375771e-10 1 2 0 0 0 0 0 0 1 1 0 1 1 1 1 1 1 1 1 1 0 1 1 0 0 0 TRUE
NC_035107.1 155752907 66 1_Uganda_3_1 1.3794540375771e-10 1 2 0 0 0 0 0 0 1 1 0 1 1 1 1 1 1 1 1 1 0 1 1 0 0 0 TRUE
NC_035107.1 155763202 67 1_Uganda_3_1 1.3794540375771e-10 1 2 0 0 0 0 0 0 1 1 0 1 1 1 1 1 1 1 1 1 0 1 1 0 0 0 TRUE
NC_035107.1 155768305 68 1_Uganda_3_1 1.3794540375771e-10 1 2 0 0 0 0 0 0 1 1 0 1 1 1 1 1 1 1 1 1 0 1 1 0 0 0 TRUE
NC_035107.1 155782446 69 1_Uganda_3_1 1.3794540375771e-10 1 2 0 0 0 0 0 0 1 1 0 1 1 1 1 1 1 1 1 1 0 1 1 0 0 0 TRUE
NC_035107.1 155790313 70 1_Uganda_3_1 1.3794540375771e-10 1 2 0 0 0 0 0 0 1 1 0 1 1 1 1 1 1 1 1 1 0 1 1 0 0 0 TRUE
NC_035107.1 155807647 71 1_Uganda_3_1 1.3794540375771e-10 1 2 0 0 0 0 0 0 1 1 0 1 1 1 1 1 1 1 1 1 0 1 1 0 0 0 TRUE
NC_035107.1 155840658 72 1_Uganda_3_1 1.3794540375771e-10 1 2 0 0 0 0 0 0 1 1 0 1 1 1 1 1 1 1 1 1 0 1 1 0 0 0 TRUE
NC_035107.1 155840659 73 1_Uganda_3_1 1.3794540375771e-10 1 2 0 0 0 0 0 0 1 1 0 1 1 1 1 1 1 1 1 1 0 1 1 0 0 0 TRUE
NC_035107.1 155845541 74 1_Uganda_3_1 1.3794540375771e-10 1 2 0 0 0 0 0 0 1 1 0 1 1 1 1 1 1 1 1 1 0 1 1 0 0 0 TRUE
NC_035107.1 155845677 75 1_Uganda_3_1 1.3794540375771e-10 1 2 0 0 0 0 0 0 1 1 0 1 1 1 1 1 1 1 1 1 0 1 1 0 0 0 TRUE
NC_035107.1 155846171 76 1_Uganda_3_1 1.3794540375771e-10 1 2 0 0 0 0 0 0 1 1 0 1 1 1 1 1 1 1 1 1 0 1 1 0 0 0 TRUE
NC_035107.1 155846979 77 1_Uganda_3_1 1.3794540375771e-10 1 2 0 0 0 0 0 0 1 1 0 1 1 1 1 1 1 1 1 1 0 1 1 0 0 0 TRUE
NC_035107.1 155850929 78 1_Uganda_3_1 1.3794540375771e-10 1 2 0 0 0 0 0 0 1 1 0 1 1 1 1 1 1 1 1 1 0 1 1 0 0 0 TRUE
NC_035107.1 155856711 79 1_Uganda_3_1 1.3794540375771e-10 1 2 0 0 0 0 0 0 1 1 0 1 1 1 1 1 1 1 1 1 0 1 1 0 0 0 TRUE
NC_035107.1 155857470 80 1_Uganda_3_1 1.3794540375771e-10 1 2 0 0 0 0 0 0 1 1 0 1 1 1 1 1 1 1 1 1 0 1 1 0 0 0 TRUE
NC_035107.1 155857483 81 1_Uganda_3_1 1.3794540375771e-10 1 2 0 0 0 0 0 0 1 1 0 1 1 1 1 1 1 1 1 1 0 1 1 0 0 0 TRUE
NC_035107.1 155864901 82 1_Uganda_3_1 1.3794540375771e-10 1 2 0 0 0 0 0 0 1 1 0 1 1 1 1 1 1 1 1 1 0 1 1 0 0 0 TRUE
NC_035107.1 155866285 83 1_Uganda_3_1 1.3794540375771e-10 1 2 0 0 0 0 0 0 1 1 0 1 1 1 1 1 1 1 1 1 0 1 1 0 0 0 TRUE
NC_035107.1 155866422 84 1_Uganda_3_1 1.3794540375771e-10 1 2 0 0 0 0 0 0 1 1 0 1 1 1 1 1 1 1 1 1 0 1 1 0 0 0 TRUE
NC_035107.1 155866652 85 1_Uganda_3_1 1.3794540375771e-10 1 2 0 0 0 0 0 0 1 1 0 1 1 1 1 1 1 1 1 1 0 1 1 0 0 0 TRUE
NC_035107.1 155866932 86 1_Uganda_3_1 1.3794540375771e-10 1 2 0 0 0 0 0 0 1 1 0 1 1 1 1 1 1 1 1 1 0 1 1 0 0 0 TRUE
NC_035107.1 155869862 87 1_Uganda_3_1 1.3794540375771e-10 1 2 0 0 0 0 0 0 1 1 0 1 1 1 1 1 1 1 1 1 0 1 1 0 0 0 TRUE
NC_035107.1 155870774 88 1_Uganda_3_1 1.3794540375771e-10 1 2 0 0 0 0 0 0 1 1 0 1 1 1 1 1 1 1 1 1 0 1 1 0 0 0 TRUE
NC_035107.1 155871013 89 1_Uganda_3_1 1.3794540375771e-10 1 2 0 0 0 0 0 0 1 1 0 1 1 1 1 1 1 1 1 1 0 1 1 0 0 0 TRUE
NC_035107.1 155873594 90 1_Uganda_3_1 1.3794540375771e-10 1 2 0 0 0 0 0 0 1 1 0 1 1 1 1 1 1 1 1 1 0 1 1 0 0 0 TRUE
NC_035107.1 155873727 91 1_Uganda_3_1 1.3794540375771e-10 1 2 0 0 0 0 0 0 1 1 0 1 1 1 1 1 1 1 1 1 0 1 1 0 0 0 TRUE
NC_035107.1 155873857 92 1_Uganda_3_1 1.3794540375771e-10 1 2 0 0 0 0 0 0 1 1 0 1 1 1 1 1 1 1 1 1 0 1 1 0 0 0 TRUE
NC_035107.1 155883720 93 1_Uganda_3_1 1.3794540375771e-10 1 2 0 0 0 0 0 0 1 1 0 1 1 1 1 1 1 1 1 1 0 1 1 0 0 0 TRUE
NC_035107.1 155883785 94 1_Uganda_3_1 1.3794540375771e-10 1 2 0 0 0 0 0 0 1 1 0 1 1 1 1 1 1 1 1 1 0 1 1 0 0 0 TRUE
NC_035107.1 155884154 95 1_Uganda_3_1 1.3794540375771e-10 1 2 0 0 0 0 0 0 1 1 0 1 1 1 1 1 1 1 1 1 0 1 1 0 0 0 TRUE
NC_035107.1 155886216 96 1_Uganda_3_1 1.3794540375771e-10 1 2 0 0 0 0 0 0 1 1 0 1 1 1 1 1 1 1 1 1 0 1 1 0 0 0 TRUE
NC_035107.1 155886243 97 1_Uganda_3_1 1.3794540375771e-10 1 2 0 0 0 0 0 0 1 1 0 1 1 1 1 1 1 1 1 1 0 1 1 0 0 0 TRUE
NC_035107.1 155903523 98 1_Uganda_3_1 1.3794540375771e-10 1 2 0 0 0 0 0 0 1 1 0 1 1 1 1 1 1 1 1 1 0 1 1 0 0 0 TRUE
NC_035107.1 155903580 99 1_Uganda_3_1 1.3794540375771e-10 1 2 0 0 0 0 0 0 1 1 0 1 1 1 1 1 1 1 1 1 0 1 1 0 0 0 TRUE
NC_035107.1 155904002 100 1_Uganda_3_1 1.3794540375771e-10 1 2 0 0 0 0 0 0 1 1 0 1 1 1 1 1 1 1 1 1 0 1 1 0 0 0 TRUE
