chrom pos i inv assoc Debug015_aegypti_Jeddah_Saudi_Arabia_Female_1 Debug015_aegypti_Jeddah_Saudi_Arabia_Female_10 Debug015_aegypti_Jeddah_Saudi_Arabia_Female_11 Debug015_aegypti_Jeddah_Saudi_Arabia_Female_12 Debug015_aegypti_Jeddah_Saudi_Arabia_Female_13 Debug015_aegypti_Jeddah_Saudi_Arabia_Female_16 Debug015_aegypti_Jeddah_Saudi_Arabia_Female_17 Debug015_aegypti_Jeddah_Saudi_Arabia_Female_18 Debug015_aegypti_Jeddah_Saudi_Arabia_Female_2 Debug015_aegypti_Jeddah_Saudi_Arabia_Female_3 Debug015_aegypti_Jeddah_Saudi_Arabia_Female_4 Debug015_aegypti_Jeddah_Saudi_Arabia_Female_5 Debug015_aegypti_Jeddah_Saudi_Arabia_Female_6 Debug015_aegypti_Jeddah_Saudi_Arabia_Female_7 Debug015_aegypti_Jeddah_Saudi_Arabia_Female_8 Debug015_aegypti_Jeddah_Saudi_Arabia_Female_9 Debug015_aegypti_Mecca_Saudi_Arabia_Female_10 Debug015_aegypti_Mecca_Saudi_Arabia_Female_11 Debug015_aegypti_Mecca_Saudi_Arabia_Female_12 Debug015_aegypti_Mecca_Saudi_Arabia_Female_14 Debug015_aegypti_Mecca_Saudi_Arabia_Female_15 Debug015_aegypti_Mecca_Saudi_Arabia_Female_16 Debug015_aegypti_Mecca_Saudi_Arabia_Female_17 Debug015_aegypti_Mecca_Saudi_Arabia_Female_18 Debug015_aegypti_Mecca_Saudi_Arabia_Female_2 Debug015_aegypti_Mecca_Saudi_Arabia_Female_20 Debug015_aegypti_Mecca_Saudi_Arabia_Female_4 Debug015_aegypti_Mecca_Saudi_Arabia_Female_5 Debug015_aegypti_Mecca_Saudi_Arabia_Female_7 Debug015_aegypti_Mecca_Saudi_Arabia_Female_8 Debug015_aegypti_Mecca_Saudi_Arabia_Female_9 Debug05-10162017-aegy-Jeddah-Saudi_Arabia-16 Debug05-10162017-aegy-Jeddah-Saudi_Arabia-20 Debug05-10162017-aegy-Jeddah-Saudi_Arabia-22 Debug05-10162017-aegy-Jeddah-Saudi_Arabia-3 Debug05-10162017-aegy-Jeddah-Saudi_Arabia-6 include
NC_035108.1 228536095 1 2_SaudiArabia_1_3 8.58223447190121e-15 2 0 1 2 0 1 1 0 0 1 1 0 2 0 1 0 0 1 0 1 0 1 1 1 0 1 1 1 0 1 2 1 1 0 1 0 TRUE
NC_035108.1 228598677 2 2_SaudiArabia_1_3 8.58223447190121e-15 2 0 1 2 0 1 1 0 0 1 1 0 2 0 1 0 0 1 0 1 0 1 1 1 0 1 1 1 0 1 2 1 1 0 1 0 TRUE
NC_035108.1 228665600 3 2_SaudiArabia_1_3 8.58223447190121e-15 2 0 1 2 0 1 1 0 0 1 1 0 2 0 1 0 0 1 0 1 0 1 1 1 0 1 1 1 0 1 2 1 1 0 1 0 TRUE
NC_035108.1 228758379 4 2_SaudiArabia_1_3 8.58223447190121e-15 2 0 1 2 0 1 1 0 0 1 1 0 2 0 1 0 0 1 0 1 0 1 1 1 0 1 1 1 0 1 2 1 1 0 1 0 TRUE
NC_035108.1 229179546 5 2_SaudiArabia_1_3 8.58223447190121e-15 2 0 1 2 0 1 1 0 0 1 1 0 2 0 1 0 0 1 0 1 0 1 1 1 0 1 1 1 0 1 2 1 1 0 1 0 TRUE
NC_035108.1 229340705 6 2_SaudiArabia_1_3 8.58223447190121e-15 2 0 1 2 0 1 1 0 0 1 1 0 2 0 1 0 0 1 0 1 0 1 1 1 0 1 1 1 0 1 2 1 1 0 1 0 TRUE
NC_035108.1 229342716 7 2_SaudiArabia_1_3 8.58223447190121e-15 2 0 1 2 0 1 1 0 0 1 1 0 2 0 1 0 0 1 0 1 0 1 1 1 0 1 1 1 0 1 2 1 1 0 1 0 TRUE
NC_035108.1 229398228 8 2_SaudiArabia_1_3 8.58223447190121e-15 2 0 1 2 0 1 1 0 0 1 1 0 2 0 1 0 0 1 0 1 0 1 1 1 0 1 1 1 0 1 2 1 1 0 1 0 TRUE
NC_035108.1 229430773 9 2_SaudiArabia_1_3 8.58223447190121e-15 2 0 1 2 0 1 1 0 0 1 1 0 2 0 1 0 0 1 0 1 0 1 1 1 0 1 1 1 0 1 2 1 1 0 1 0 TRUE
NC_035108.1 229477470 10 2_SaudiArabia_1_3 8.58223447190121e-15 2 0 1 2 0 1 1 0 0 1 1 0 2 0 1 0 0 1 0 1 0 1 1 1 0 1 1 1 0 1 2 1 1 0 1 0 TRUE
NC_035108.1 229481661 11 2_SaudiArabia_1_3 8.58223447190121e-15 2 0 1 2 0 1 1 0 0 1 1 0 2 0 1 0 0 1 0 1 0 1 1 1 0 1 1 1 0 1 2 1 1 0 1 0 TRUE
NC_035108.1 229493121 12 2_SaudiArabia_1_3 8.58223447190121e-15 2 0 1 2 0 1 1 0 0 1 1 0 2 0 1 0 0 1 0 1 0 1 1 1 0 1 1 1 0 1 2 1 1 0 1 0 TRUE
NC_035108.1 229528753 13 2_SaudiArabia_1_3 8.58223447190121e-15 2 0 1 2 0 1 1 0 0 1 1 0 2 0 1 0 0 1 0 1 0 1 1 1 0 1 1 1 0 1 2 1 1 0 1 0 TRUE
NC_035108.1 229529812 14 2_SaudiArabia_1_3 8.58223447190121e-15 2 0 1 2 0 1 1 0 0 1 1 0 2 0 1 0 0 1 0 1 0 1 1 1 0 1 1 1 0 1 2 1 1 0 1 0 TRUE
NC_035108.1 229581764 15 2_SaudiArabia_1_3 8.58223447190121e-15 2 0 1 2 0 1 1 0 0 1 1 0 2 0 1 0 0 1 0 1 0 1 1 1 0 1 1 1 0 1 2 1 1 0 1 0 TRUE
NC_035108.1 229583028 16 2_SaudiArabia_1_3 8.58223447190121e-15 2 0 1 2 0 1 1 0 0 1 1 0 2 0 1 0 0 1 0 1 0 1 1 1 0 1 1 1 0 1 2 1 1 0 1 0 TRUE
NC_035108.1 229601199 17 2_SaudiArabia_1_3 8.58223447190121e-15 2 0 1 2 0 1 1 0 0 1 1 0 2 0 1 0 0 1 0 1 0 1 1 1 0 1 1 1 0 1 2 1 1 0 1 0 TRUE
NC_035108.1 229611508 18 2_SaudiArabia_1_3 8.58223447190121e-15 2 0 1 2 0 1 1 0 0 1 1 0 2 0 1 0 0 1 0 1 0 1 1 1 0 1 1 1 0 1 2 1 1 0 1 0 TRUE
NC_035108.1 229629980 19 2_SaudiArabia_1_3 8.58223447190121e-15 2 0 1 2 0 1 1 0 0 1 1 0 2 0 1 0 0 1 0 1 0 1 1 1 0 1 1 1 0 1 2 1 1 0 1 0 TRUE
NC_035108.1 229689824 20 2_SaudiArabia_1_3 8.58223447190121e-15 2 0 1 2 0 1 1 0 0 1 1 0 2 0 1 0 0 1 0 1 0 1 1 1 0 1 1 1 0 1 2 1 1 0 1 0 TRUE
NC_035108.1 229706092 21 2_SaudiArabia_1_3 8.58223447190121e-15 2 0 1 2 0 1 1 0 0 1 1 0 2 0 1 0 0 1 0 1 0 1 1 1 0 1 1 1 0 1 2 1 1 0 1 0 TRUE
NC_035108.1 229721537 22 2_SaudiArabia_1_3 8.58223447190121e-15 2 0 1 2 0 1 1 0 0 1 1 0 2 0 1 0 0 1 0 1 0 1 1 1 0 1 1 1 0 1 2 1 1 0 1 0 TRUE
NC_035108.1 229748240 23 2_SaudiArabia_1_3 8.58223447190121e-15 2 0 1 2 0 1 1 0 0 1 1 0 2 0 1 0 0 1 0 1 0 1 1 1 0 1 1 1 0 1 2 1 1 0 1 0 TRUE
NC_035108.1 229755303 24 2_SaudiArabia_1_3 8.58223447190121e-15 2 0 1 2 0 1 1 0 0 1 1 0 2 0 1 0 0 1 0 1 0 1 1 1 0 1 1 1 0 1 2 1 1 0 1 0 TRUE
NC_035108.1 229767526 25 2_SaudiArabia_1_3 8.58223447190121e-15 2 0 1 2 0 1 1 0 0 1 1 0 2 0 1 0 0 1 0 1 0 1 1 1 0 1 1 1 0 1 2 1 1 0 1 0 TRUE
NC_035108.1 229772657 26 2_SaudiArabia_1_3 8.58223447190121e-15 2 0 1 2 0 1 1 0 0 1 1 0 2 0 1 0 0 1 0 1 0 1 1 1 0 1 1 1 0 1 2 1 1 0 1 0 TRUE
NC_035108.1 229817559 27 2_SaudiArabia_1_3 8.58223447190121e-15 2 0 1 2 0 1 1 0 0 1 1 0 2 0 1 0 0 1 0 1 0 1 1 1 0 1 1 1 0 1 2 1 1 0 1 0 TRUE
NC_035108.1 229832804 28 2_SaudiArabia_1_3 8.58223447190121e-15 2 0 1 2 0 1 1 0 0 1 1 0 2 0 1 0 0 1 0 1 0 1 1 1 0 1 1 1 0 1 2 1 1 0 1 0 TRUE
NC_035108.1 229905591 29 2_SaudiArabia_1_3 8.58223447190121e-15 2 0 1 2 0 1 1 0 0 1 1 0 2 0 1 0 0 1 0 1 0 1 1 1 0 1 1 1 0 1 2 1 1 0 1 0 TRUE
NC_035108.1 229954624 30 2_SaudiArabia_1_3 8.58223447190121e-15 2 0 1 2 0 1 1 0 0 1 1 0 2 0 1 0 0 1 0 1 0 1 1 1 0 1 1 1 0 1 2 1 1 0 1 0 TRUE
NC_035108.1 230045365 31 2_SaudiArabia_1_3 8.58223447190121e-15 2 0 1 2 0 1 1 0 0 1 1 0 2 0 1 0 0 1 0 1 0 1 1 1 0 1 1 1 0 1 2 1 1 0 1 0 TRUE
NC_035108.1 230045788 32 2_SaudiArabia_1_3 8.58223447190121e-15 2 0 1 2 0 1 1 0 0 1 1 0 2 0 1 0 0 1 0 1 0 1 1 1 0 1 1 1 0 1 2 1 1 0 1 0 TRUE
NC_035108.1 230047115 33 2_SaudiArabia_1_3 8.58223447190121e-15 2 0 1 2 0 1 1 0 0 1 1 0 2 0 1 0 0 1 0 1 0 1 1 1 0 1 1 1 0 1 2 1 1 0 1 0 TRUE
NC_035108.1 230054036 34 2_SaudiArabia_1_3 8.58223447190121e-15 2 0 1 2 0 1 1 0 0 1 1 0 2 0 1 0 0 1 0 1 0 1 1 1 0 1 1 1 0 1 2 1 1 0 1 0 TRUE
NC_035108.1 230055007 35 2_SaudiArabia_1_3 8.58223447190121e-15 2 0 1 2 0 1 1 0 0 1 1 0 2 0 1 0 0 1 0 1 0 1 1 1 0 1 1 1 0 1 2 1 1 0 1 0 TRUE
NC_035108.1 230060963 36 2_SaudiArabia_1_3 8.58223447190121e-15 2 0 1 2 0 1 1 0 0 1 1 0 2 0 1 0 0 1 0 1 0 1 1 1 0 1 1 1 0 1 2 1 1 0 1 0 TRUE
NC_035108.1 230081569 37 2_SaudiArabia_1_3 8.58223447190121e-15 2 0 1 2 0 1 1 0 0 1 1 0 2 0 1 0 0 1 0 1 0 1 1 1 0 1 1 1 0 1 2 1 1 0 1 0 TRUE
NC_035108.1 230082681 38 2_SaudiArabia_1_3 8.58223447190121e-15 2 0 1 2 0 1 1 0 0 1 1 0 2 0 1 0 0 1 0 1 0 1 1 1 0 1 1 1 0 1 2 1 1 0 1 0 TRUE
NC_035108.1 230089744 39 2_SaudiArabia_1_3 8.58223447190121e-15 2 0 1 2 0 1 1 0 0 1 1 0 2 0 1 0 0 1 0 1 0 1 1 1 0 1 1 1 0 1 2 1 1 0 1 0 TRUE
NC_035108.1 230121104 40 2_SaudiArabia_1_3 8.58223447190121e-15 2 0 1 2 0 1 1 0 0 1 1 0 2 0 1 0 0 1 0 1 0 1 1 1 0 1 1 1 0 1 2 1 1 0 1 0 TRUE
NC_035108.1 230122007 41 2_SaudiArabia_1_3 8.58223447190121e-15 2 0 1 2 0 1 1 0 0 1 1 0 2 0 1 0 0 1 0 1 0 1 1 1 0 1 1 1 0 1 2 1 1 0 1 0 TRUE
NC_035108.1 230161795 42 2_SaudiArabia_1_3 8.58223447190121e-15 2 0 1 2 0 1 1 0 0 1 1 0 2 0 1 0 0 1 0 1 0 1 1 1 0 1 1 1 0 1 2 1 1 0 1 0 TRUE
NC_035108.1 230172716 43 2_SaudiArabia_1_3 8.58223447190121e-15 2 0 1 2 0 1 1 0 0 1 1 0 2 0 1 0 0 1 0 1 0 1 1 1 0 1 1 1 0 1 2 1 1 0 1 0 TRUE
NC_035108.1 230200733 44 2_SaudiArabia_1_3 8.58223447190121e-15 2 0 1 2 0 1 1 0 0 1 1 0 2 0 1 0 0 1 0 1 0 1 1 1 0 1 1 1 0 1 2 1 1 0 1 0 TRUE
NC_035108.1 230201808 45 2_SaudiArabia_1_3 8.58223447190121e-15 2 0 1 2 0 1 1 0 0 1 1 0 2 0 1 0 0 1 0 1 0 1 1 1 0 1 1 1 0 1 2 1 1 0 1 0 TRUE
NC_035108.1 230219267 46 2_SaudiArabia_1_3 8.58223447190121e-15 2 0 1 2 0 1 1 0 0 1 1 0 2 0 1 0 0 1 0 1 0 1 1 1 0 1 1 1 0 1 2 1 1 0 1 0 TRUE
NC_035108.1 230251579 47 2_SaudiArabia_1_3 8.58223447190121e-15 2 0 1 2 0 1 1 0 0 1 1 0 2 0 1 0 0 1 0 1 0 1 1 1 0 1 1 1 0 1 2 1 1 0 1 0 TRUE
NC_035108.1 230253611 48 2_SaudiArabia_1_3 8.58223447190121e-15 2 0 1 2 0 1 1 0 0 1 1 0 2 0 1 0 0 1 0 1 0 1 1 1 0 1 1 1 0 1 2 1 1 0 1 0 TRUE
NC_035108.1 230259551 49 2_SaudiArabia_1_3 8.58223447190121e-15 2 0 1 2 0 1 1 0 0 1 1 0 2 0 1 0 0 1 0 1 0 1 1 1 0 1 1 1 0 1 2 1 1 0 1 0 TRUE
NC_035108.1 230259581 50 2_SaudiArabia_1_3 8.58223447190121e-15 2 0 1 2 0 1 1 0 0 1 1 0 2 0 1 0 0 1 0 1 0 1 1 1 0 1 1 1 0 1 2 1 1 0 1 0 TRUE
NC_035108.1 230264821 51 2_SaudiArabia_1_3 8.58223447190121e-15 2 0 1 2 0 1 1 0 0 1 1 0 2 0 1 0 0 1 0 1 0 1 1 1 0 1 1 1 0 1 2 1 1 0 1 0 TRUE
NC_035108.1 230265079 52 2_SaudiArabia_1_3 8.58223447190121e-15 2 0 1 2 0 1 1 0 0 1 1 0 2 0 1 0 0 1 0 1 0 1 1 1 0 1 1 1 0 1 2 1 1 0 1 0 TRUE
NC_035108.1 230319896 53 2_SaudiArabia_1_3 8.58223447190121e-15 2 0 1 2 0 1 1 0 0 1 1 0 2 0 1 0 0 1 0 1 0 1 1 1 0 1 1 1 0 1 2 1 1 0 1 0 TRUE
NC_035108.1 230376488 54 2_SaudiArabia_1_3 8.58223447190121e-15 2 0 1 2 0 1 1 0 0 1 1 0 2 0 1 0 0 1 0 1 0 1 1 1 0 1 1 1 0 1 2 1 1 0 1 0 TRUE
NC_035108.1 230392636 55 2_SaudiArabia_1_3 8.58223447190121e-15 2 0 1 2 0 1 1 0 0 1 1 0 2 0 1 0 0 1 0 1 0 1 1 1 0 1 1 1 0 1 2 1 1 0 1 0 TRUE
NC_035108.1 230410452 56 2_SaudiArabia_1_3 8.58223447190121e-15 2 0 1 2 0 1 1 0 0 1 1 0 2 0 1 0 0 1 0 1 0 1 1 1 0 1 1 1 0 1 2 1 1 0 1 0 TRUE
NC_035108.1 230410583 57 2_SaudiArabia_1_3 8.58223447190121e-15 2 0 1 2 0 1 1 0 0 1 1 0 2 0 1 0 0 1 0 1 0 1 1 1 0 1 1 1 0 1 2 1 1 0 1 0 TRUE
NC_035108.1 230412543 58 2_SaudiArabia_1_3 8.58223447190121e-15 2 0 1 2 0 1 1 0 0 1 1 0 2 0 1 0 0 1 0 1 0 1 1 1 0 1 1 1 0 1 2 1 1 0 1 0 TRUE
NC_035108.1 230460181 59 2_SaudiArabia_1_3 8.58223447190121e-15 2 0 1 2 0 1 1 0 0 1 1 0 2 0 1 0 0 1 0 1 0 1 1 1 0 1 1 1 0 1 2 1 1 0 1 0 TRUE
NC_035108.1 230476370 60 2_SaudiArabia_1_3 8.58223447190121e-15 2 0 1 2 0 1 1 0 0 1 1 0 2 0 1 0 0 1 0 1 0 1 1 1 0 1 1 1 0 1 2 1 1 0 1 0 TRUE
NC_035108.1 230498372 61 2_SaudiArabia_1_3 8.58223447190121e-15 2 0 1 2 0 1 1 0 0 1 1 0 2 0 1 0 0 1 0 1 0 1 1 1 0 1 1 1 0 1 2 1 1 0 1 0 TRUE
NC_035108.1 230499216 62 2_SaudiArabia_1_3 8.58223447190121e-15 2 0 1 2 0 1 1 0 0 1 1 0 2 0 1 0 0 1 0 1 0 1 1 1 0 1 1 1 0 1 2 1 1 0 1 0 TRUE
NC_035108.1 230506328 63 2_SaudiArabia_1_3 8.58223447190121e-15 2 0 1 2 0 1 1 0 0 1 1 0 2 0 1 0 0 1 0 1 0 1 1 1 0 1 1 1 0 1 2 1 1 0 1 0 TRUE
NC_035108.1 230542194 64 2_SaudiArabia_1_3 8.58223447190121e-15 2 0 1 2 0 1 1 0 0 1 1 0 2 0 1 0 0 1 0 1 0 1 1 1 0 1 1 1 0 1 2 1 1 0 1 0 TRUE
NC_035108.1 230546236 65 2_SaudiArabia_1_3 8.58223447190121e-15 2 0 1 2 0 1 1 0 0 1 1 0 2 0 1 0 0 1 0 1 0 1 1 1 0 1 1 1 0 1 2 1 1 0 1 0 TRUE
NC_035108.1 230548096 66 2_SaudiArabia_1_3 8.58223447190121e-15 2 0 1 2 0 1 1 0 0 1 1 0 2 0 1 0 0 1 0 1 0 1 1 1 0 1 1 1 0 1 2 1 1 0 1 0 TRUE
NC_035108.1 230550965 67 2_SaudiArabia_1_3 8.58223447190121e-15 2 0 1 2 0 1 1 0 0 1 1 0 2 0 1 0 0 1 0 1 0 1 1 1 0 1 1 1 0 1 2 1 1 0 1 0 TRUE
NC_035108.1 230575649 68 2_SaudiArabia_1_3 8.58223447190121e-15 2 0 1 2 0 1 1 0 0 1 1 0 2 0 1 0 0 1 0 1 0 1 1 1 0 1 1 1 0 1 2 1 1 0 1 0 TRUE
NC_035108.1 230581748 69 2_SaudiArabia_1_3 8.58223447190121e-15 2 0 1 2 0 1 1 0 0 1 1 0 2 0 1 0 0 1 0 1 0 1 1 1 0 1 1 1 0 1 2 1 1 0 1 0 TRUE
NC_035108.1 230587842 70 2_SaudiArabia_1_3 8.58223447190121e-15 2 0 1 2 0 1 1 0 0 1 1 0 2 0 1 0 0 1 0 1 0 1 1 1 0 1 1 1 0 1 2 1 1 0 1 0 TRUE
NC_035108.1 230626591 71 2_SaudiArabia_1_3 8.58223447190121e-15 2 0 1 2 0 1 1 0 0 1 1 0 2 0 1 0 0 1 0 1 0 1 1 1 0 1 1 1 0 1 2 1 1 0 1 0 TRUE
NC_035108.1 230626676 72 2_SaudiArabia_1_3 8.58223447190121e-15 2 0 1 2 0 1 1 0 0 1 1 0 2 0 1 0 0 1 0 1 0 1 1 1 0 1 1 1 0 1 2 1 1 0 1 0 TRUE
NC_035108.1 230654315 73 2_SaudiArabia_1_3 8.58223447190121e-15 2 0 1 2 0 1 1 0 0 1 1 0 2 0 1 0 0 1 0 1 0 1 1 1 0 1 1 1 0 1 2 1 1 0 1 0 TRUE
NC_035108.1 230660753 74 2_SaudiArabia_1_3 8.58223447190121e-15 2 0 1 2 0 1 1 0 0 1 1 0 2 0 1 0 0 1 0 1 0 1 1 1 0 1 1 1 0 1 2 1 1 0 1 0 TRUE
NC_035108.1 230661490 75 2_SaudiArabia_1_3 8.58223447190121e-15 2 0 1 2 0 1 1 0 0 1 1 0 2 0 1 0 0 1 0 1 0 1 1 1 0 1 1 1 0 1 2 1 1 0 1 0 TRUE
NC_035108.1 230671490 76 2_SaudiArabia_1_3 8.58223447190121e-15 2 0 1 2 0 1 1 0 0 1 1 0 2 0 1 0 0 1 0 1 0 1 1 1 0 1 1 1 0 1 2 1 1 0 1 0 TRUE
NC_035108.1 230700718 77 2_SaudiArabia_1_3 8.58223447190121e-15 2 0 1 2 0 1 1 0 0 1 1 0 2 0 1 0 0 1 0 1 0 1 1 1 0 1 1 1 0 1 2 1 1 0 1 0 TRUE
NC_035108.1 230706958 78 2_SaudiArabia_1_3 8.58223447190121e-15 2 0 1 2 0 1 1 0 0 1 1 0 2 0 1 0 0 1 0 1 0 1 1 1 0 1 1 1 0 1 2 1 1 0 1 0 TRUE
NC_035108.1 230723197 79 2_SaudiArabia_1_3 8.58223447190121e-15 2 0 1 2 0 1 1 0 0 1 1 0 2 0 1 0 0 1 0 1 0 1 1 1 0 1 1 1 0 1 2 1 1 0 1 0 TRUE
NC_035108.1 230726936 80 2_SaudiArabia_1_3 8.58223447190121e-15 2 0 1 2 0 1 1 0 0 1 1 0 2 0 1 0 0 1 0 1 0 1 1 1 0 1 1 1 0 1 2 1 1 0 1 0 TRUE
NC_035108.1 230731442 81 2_SaudiArabia_1_3 8.58223447190121e-15 2 0 1 2 0 1 1 0 0 1 1 0 2 0 1 0 0 1 0 1 0 1 1 1 0 1 1 1 0 1 2 1 1 0 1 0 TRUE
NC_035108.1 230732458 82 2_SaudiArabia_1_3 8.58223447190121e-15 2 0 1 2 0 1 1 0 0 1 1 0 2 0 1 0 0 1 0 1 0 1 1 1 0 1 1 1 0 1 2 1 1 0 1 0 TRUE
NC_035108.1 230737522 83 2_SaudiArabia_1_3 8.58223447190121e-15 2 0 1 2 0 1 1 0 0 1 1 0 2 0 1 0 0 1 0 1 0 1 1 1 0 1 1 1 0 1 2 1 1 0 1 0 TRUE
NC_035108.1 230743972 84 2_SaudiArabia_1_3 8.58223447190121e-15 2 0 1 2 0 1 1 0 0 1 1 0 2 0 1 0 0 1 0 1 0 1 1 1 0 1 1 1 0 1 2 1 1 0 1 0 TRUE
NC_035108.1 230747682 85 2_SaudiArabia_1_3 8.58223447190121e-15 2 0 1 2 0 1 1 0 0 1 1 0 2 0 1 0 0 1 0 1 0 1 1 1 0 1 1 1 0 1 2 1 1 0 1 0 TRUE
NC_035108.1 230747696 86 2_SaudiArabia_1_3 8.58223447190121e-15 2 0 1 2 0 1 1 0 0 1 1 0 2 0 1 0 0 1 0 1 0 1 1 1 0 1 1 1 0 1 2 1 1 0 1 0 TRUE
NC_035108.1 230772291 87 2_SaudiArabia_1_3 8.58223447190121e-15 2 0 1 2 0 1 1 0 0 1 1 0 2 0 1 0 0 1 0 1 0 1 1 1 0 1 1 1 0 1 2 1 1 0 1 0 TRUE
NC_035108.1 230788635 88 2_SaudiArabia_1_3 8.58223447190121e-15 2 0 1 2 0 1 1 0 0 1 1 0 2 0 1 0 0 1 0 1 0 1 1 1 0 1 1 1 0 1 2 1 1 0 1 0 TRUE
NC_035108.1 230789573 89 2_SaudiArabia_1_3 8.58223447190121e-15 2 0 1 2 0 1 1 0 0 1 1 0 2 0 1 0 0 1 0 1 0 1 1 1 0 1 1 1 0 1 2 1 1 0 1 0 TRUE
NC_035108.1 230792324 90 2_SaudiArabia_1_3 8.58223447190121e-15 2 0 1 2 0 1 1 0 0 1 1 0 2 0 1 0 0 1 0 1 0 1 1 1 0 1 1 1 0 1 2 1 1 0 1 0 TRUE
NC_035108.1 230801625 91 2_SaudiArabia_1_3 8.58223447190121e-15 2 0 1 2 0 1 1 0 0 1 1 0 2 0 1 0 0 1 0 1 0 1 1 1 0 1 1 1 0 1 2 1 1 0 1 0 TRUE
NC_035108.1 230802895 92 2_SaudiArabia_1_3 8.58223447190121e-15 2 0 1 2 0 1 1 0 0 1 1 0 2 0 1 0 0 1 0 1 0 1 1 1 0 1 1 1 0 1 2 1 1 0 1 0 TRUE
NC_035108.1 230807233 93 2_SaudiArabia_1_3 8.58223447190121e-15 2 0 1 2 0 1 1 0 0 1 1 0 2 0 1 0 0 1 0 1 0 1 1 1 0 1 1 1 0 1 2 1 1 0 1 0 TRUE
NC_035108.1 230809702 94 2_SaudiArabia_1_3 8.58223447190121e-15 2 0 1 2 0 1 1 0 0 1 1 0 2 0 1 0 0 1 0 1 0 1 1 1 0 1 1 1 0 1 2 1 1 0 1 0 TRUE
NC_035108.1 230809732 95 2_SaudiArabia_1_3 8.58223447190121e-15 2 0 1 2 0 1 1 0 0 1 1 0 2 0 1 0 0 1 0 1 0 1 1 1 0 1 1 1 0 1 2 1 1 0 1 0 TRUE
NC_035108.1 230832355 96 2_SaudiArabia_1_3 8.58223447190121e-15 2 0 1 2 0 1 1 0 0 1 1 0 2 0 1 0 0 1 0 1 0 1 1 1 0 1 1 1 0 1 2 1 1 0 1 0 TRUE
NC_035108.1 230849872 97 2_SaudiArabia_1_3 8.58223447190121e-15 2 0 1 2 0 1 1 0 0 1 1 0 2 0 1 0 0 1 0 1 0 1 1 1 0 1 1 1 0 1 2 1 1 0 1 0 TRUE
NC_035108.1 230850332 98 2_SaudiArabia_1_3 8.58223447190121e-15 2 0 1 2 0 1 1 0 0 1 1 0 2 0 1 0 0 1 0 1 0 1 1 1 0 1 1 1 0 1 2 1 1 0 1 0 TRUE
NC_035108.1 230851098 99 2_SaudiArabia_1_3 8.58223447190121e-15 2 0 1 2 0 1 1 0 0 1 1 0 2 0 1 0 0 1 0 1 0 1 1 1 0 1 1 1 0 1 2 1 1 0 1 0 TRUE
NC_035108.1 230852088 100 2_SaudiArabia_1_3 8.58223447190121e-15 2 0 1 2 0 1 1 0 0 1 1 0 2 0 1 0 0 1 0 1 0 1 1 1 0 1 1 1 0 1 2 1 1 0 1 0 TRUE
NC_035108.1 234291654 1 2_SaudiArabia_2_1 8.58223447190121e-15 2 0 0 2 1 0 0 0 0 0 1 0 1 0 2 0 0 1 0 1 0 0 1 0 0 1 0 0 0 1 1 0 1 0 0 0 TRUE
NC_035108.1 234291768 2 2_SaudiArabia_2_1 8.58223447190121e-15 2 0 0 2 1 0 0 0 0 0 1 0 1 0 2 0 0 1 0 1 0 0 1 0 0 1 0 0 0 1 1 0 1 0 0 0 TRUE
NC_035108.1 234291808 3 2_SaudiArabia_2_1 8.58223447190121e-15 2 0 0 2 1 0 0 0 0 0 1 0 1 0 2 0 0 1 0 1 0 0 1 0 0 1 0 0 0 1 1 0 1 0 0 0 TRUE
NC_035108.1 234291831 4 2_SaudiArabia_2_1 8.58223447190121e-15 2 0 0 2 1 0 0 0 0 0 1 0 1 0 2 0 0 1 0 1 0 0 1 0 0 1 0 0 0 1 1 0 1 0 0 0 TRUE
NC_035108.1 234291856 5 2_SaudiArabia_2_1 8.58223447190121e-15 2 0 0 2 1 0 0 0 0 0 1 0 1 0 2 0 0 1 0 1 0 0 1 0 0 1 0 0 0 1 1 0 1 0 0 0 TRUE
NC_035108.1 234292203 6 2_SaudiArabia_2_1 8.58223447190121e-15 2 0 0 2 1 0 0 0 0 0 1 0 1 0 2 0 0 1 0 1 0 0 1 0 0 1 0 0 0 1 1 0 1 0 0 0 TRUE
NC_035108.1 234299792 7 2_SaudiArabia_2_1 8.58223447190121e-15 2 0 0 2 1 0 0 0 0 0 1 0 1 0 2 0 0 1 0 1 0 0 1 0 0 1 0 0 0 1 1 0 1 0 0 0 TRUE
NC_035108.1 234308186 8 2_SaudiArabia_2_1 8.58223447190121e-15 2 0 0 2 1 0 0 0 0 0 1 0 1 0 2 0 0 1 0 1 0 0 1 0 0 1 0 0 0 1 1 0 1 0 0 0 TRUE
NC_035108.1 234318335 9 2_SaudiArabia_2_1 8.58223447190121e-15 2 0 0 2 1 0 0 0 0 0 1 0 1 0 2 0 0 1 0 1 0 0 1 0 0 1 0 0 0 1 1 0 1 0 0 0 TRUE
NC_035108.1 234318343 10 2_SaudiArabia_2_1 8.58223447190121e-15 2 0 0 2 1 0 0 0 0 0 1 0 1 0 2 0 0 1 0 1 0 0 1 0 0 1 0 0 0 1 1 0 1 0 0 0 TRUE
NC_035108.1 234318935 11 2_SaudiArabia_2_1 8.58223447190121e-15 2 0 0 2 1 0 0 0 0 0 1 0 1 0 2 0 0 1 0 1 0 0 1 0 0 1 0 0 0 1 1 0 1 0 0 0 TRUE
NC_035108.1 234318954 12 2_SaudiArabia_2_1 8.58223447190121e-15 2 0 0 2 1 0 0 0 0 0 1 0 1 0 2 0 0 1 0 1 0 0 1 0 0 1 0 0 0 1 1 0 1 0 0 0 TRUE
NC_035108.1 234326457 13 2_SaudiArabia_2_1 8.58223447190121e-15 2 0 0 2 1 0 0 0 0 0 1 0 1 0 2 0 0 1 0 1 0 0 1 0 0 1 0 0 0 1 1 0 1 0 0 0 TRUE
NC_035108.1 234327356 14 2_SaudiArabia_2_1 8.58223447190121e-15 2 0 0 2 1 0 0 0 0 0 1 0 1 0 2 0 0 1 0 1 0 0 1 0 0 1 0 0 0 1 1 0 1 0 0 0 TRUE
NC_035108.1 234337057 15 2_SaudiArabia_2_1 8.58223447190121e-15 2 0 0 2 1 0 0 0 0 0 1 0 1 0 2 0 0 1 0 1 0 0 1 0 0 1 0 0 0 1 1 0 1 0 0 0 TRUE
NC_035108.1 234357429 16 2_SaudiArabia_2_1 8.58223447190121e-15 2 0 0 2 1 0 0 0 0 0 1 0 1 0 2 0 0 1 0 1 0 0 1 0 0 1 0 0 0 1 1 0 1 0 0 0 TRUE
NC_035108.1 234357779 17 2_SaudiArabia_2_1 8.58223447190121e-15 2 0 0 2 1 0 0 0 0 0 1 0 1 0 2 0 0 1 0 1 0 0 1 0 0 1 0 0 0 1 1 0 1 0 0 0 TRUE
NC_035108.1 234365943 18 2_SaudiArabia_2_1 8.58223447190121e-15 2 0 0 2 1 0 0 0 0 0 1 0 1 0 2 0 0 1 0 1 0 0 1 0 0 1 0 0 0 1 1 0 1 0 0 0 TRUE
NC_035108.1 234365948 19 2_SaudiArabia_2_1 8.58223447190121e-15 2 0 0 2 1 0 0 0 0 0 1 0 1 0 2 0 0 1 0 1 0 0 1 0 0 1 0 0 0 1 1 0 1 0 0 0 TRUE
NC_035108.1 234371128 20 2_SaudiArabia_2_1 8.58223447190121e-15 2 0 0 2 1 0 0 0 0 0 1 0 1 0 2 0 0 1 0 1 0 0 1 0 0 1 0 0 0 1 1 0 1 0 0 0 TRUE
NC_035108.1 234371574 21 2_SaudiArabia_2_1 8.58223447190121e-15 2 0 0 2 1 0 0 0 0 0 1 0 1 0 2 0 0 1 0 1 0 0 1 0 0 1 0 0 0 1 1 0 1 0 0 0 TRUE
NC_035108.1 234372840 22 2_SaudiArabia_2_1 8.58223447190121e-15 2 0 0 2 1 0 0 0 0 0 1 0 1 0 2 0 0 1 0 1 0 0 1 0 0 1 0 0 0 1 1 0 1 0 0 0 TRUE
NC_035108.1 234373554 23 2_SaudiArabia_2_1 8.58223447190121e-15 2 0 0 2 1 0 0 0 0 0 1 0 1 0 2 0 0 1 0 1 0 0 1 0 0 1 0 0 0 1 1 0 1 0 0 0 TRUE
NC_035108.1 234390219 24 2_SaudiArabia_2_1 8.58223447190121e-15 2 0 0 2 1 0 0 0 0 0 1 0 1 0 2 0 0 1 0 1 0 0 1 0 0 1 0 0 0 1 1 0 1 0 0 0 TRUE
NC_035108.1 234390560 25 2_SaudiArabia_2_1 8.58223447190121e-15 2 0 0 2 1 0 0 0 0 0 1 0 1 0 2 0 0 1 0 1 0 0 1 0 0 1 0 0 0 1 1 0 1 0 0 0 TRUE
NC_035108.1 234391175 26 2_SaudiArabia_2_1 8.58223447190121e-15 2 0 0 2 1 0 0 0 0 0 1 0 1 0 2 0 0 1 0 1 0 0 1 0 0 1 0 0 0 1 1 0 1 0 0 0 TRUE
NC_035108.1 234395697 27 2_SaudiArabia_2_1 8.58223447190121e-15 2 0 0 2 1 0 0 0 0 0 1 0 1 0 2 0 0 1 0 1 0 0 1 0 0 1 0 0 0 1 1 0 1 0 0 0 TRUE
NC_035108.1 234396094 28 2_SaudiArabia_2_1 8.58223447190121e-15 2 0 0 2 1 0 0 0 0 0 1 0 1 0 2 0 0 1 0 1 0 0 1 0 0 1 0 0 0 1 1 0 1 0 0 0 TRUE
NC_035108.1 234427284 29 2_SaudiArabia_2_1 8.58223447190121e-15 2 0 0 2 1 0 0 0 0 0 1 0 1 0 2 0 0 1 0 1 0 0 1 0 0 1 0 0 0 1 1 0 1 0 0 0 TRUE
NC_035108.1 234427579 30 2_SaudiArabia_2_1 8.58223447190121e-15 2 0 0 2 1 0 0 0 0 0 1 0 1 0 2 0 0 1 0 1 0 0 1 0 0 1 0 0 0 1 1 0 1 0 0 0 TRUE
NC_035108.1 234427592 31 2_SaudiArabia_2_1 8.58223447190121e-15 2 0 0 2 1 0 0 0 0 0 1 0 1 0 2 0 0 1 0 1 0 0 1 0 0 1 0 0 0 1 1 0 1 0 0 0 TRUE
NC_035108.1 234427893 32 2_SaudiArabia_2_1 8.58223447190121e-15 2 0 0 2 1 0 0 0 0 0 1 0 1 0 2 0 0 1 0 1 0 0 1 0 0 1 0 0 0 1 1 0 1 0 0 0 TRUE
NC_035108.1 234429501 33 2_SaudiArabia_2_1 8.58223447190121e-15 2 0 0 2 1 0 0 0 0 0 1 0 1 0 2 0 0 1 0 1 0 0 1 0 0 1 0 0 0 1 1 0 1 0 0 0 TRUE
NC_035108.1 234429583 34 2_SaudiArabia_2_1 8.58223447190121e-15 2 0 0 2 1 0 0 0 0 0 1 0 1 0 2 0 0 1 0 1 0 0 1 0 0 1 0 0 0 1 1 0 1 0 0 0 TRUE
NC_035108.1 234429795 35 2_SaudiArabia_2_1 8.58223447190121e-15 2 0 0 2 1 0 0 0 0 0 1 0 1 0 2 0 0 1 0 1 0 0 1 0 0 1 0 0 0 1 1 0 1 0 0 0 TRUE
NC_035108.1 234430042 36 2_SaudiArabia_2_1 8.58223447190121e-15 2 0 0 2 1 0 0 0 0 0 1 0 1 0 2 0 0 1 0 1 0 0 1 0 0 1 0 0 0 1 1 0 1 0 0 0 TRUE
NC_035108.1 234467487 37 2_SaudiArabia_2_1 8.58223447190121e-15 2 0 0 2 1 0 0 0 0 0 1 0 1 0 2 0 0 1 0 1 0 0 1 0 0 1 0 0 0 1 1 0 1 0 0 0 TRUE
NC_035108.1 234488793 38 2_SaudiArabia_2_1 8.58223447190121e-15 2 0 0 2 1 0 0 0 0 0 1 0 1 0 2 0 0 1 0 1 0 0 1 0 0 1 0 0 0 1 1 0 1 0 0 0 TRUE
NC_035108.1 234506135 39 2_SaudiArabia_2_1 8.58223447190121e-15 2 0 0 2 1 0 0 0 0 0 1 0 1 0 2 0 0 1 0 1 0 0 1 0 0 1 0 0 0 1 1 0 1 0 0 0 TRUE
NC_035108.1 234507360 40 2_SaudiArabia_2_1 8.58223447190121e-15 2 0 0 2 1 0 0 0 0 0 1 0 1 0 2 0 0 1 0 1 0 0 1 0 0 1 0 0 0 1 1 0 1 0 0 0 TRUE
NC_035108.1 234560136 41 2_SaudiArabia_2_1 8.58223447190121e-15 2 0 0 2 1 0 0 0 0 0 1 0 1 0 2 0 0 1 0 1 0 0 1 0 0 1 0 0 0 1 1 0 1 0 0 0 TRUE
NC_035108.1 234560217 42 2_SaudiArabia_2_1 8.58223447190121e-15 2 0 0 2 1 0 0 0 0 0 1 0 1 0 2 0 0 1 0 1 0 0 1 0 0 1 0 0 0 1 1 0 1 0 0 0 TRUE
NC_035108.1 234560232 43 2_SaudiArabia_2_1 8.58223447190121e-15 2 0 0 2 1 0 0 0 0 0 1 0 1 0 2 0 0 1 0 1 0 0 1 0 0 1 0 0 0 1 1 0 1 0 0 0 TRUE
NC_035108.1 234560302 44 2_SaudiArabia_2_1 8.58223447190121e-15 2 0 0 2 1 0 0 0 0 0 1 0 1 0 2 0 0 1 0 1 0 0 1 0 0 1 0 0 0 1 1 0 1 0 0 0 TRUE
NC_035108.1 234576276 45 2_SaudiArabia_2_1 8.58223447190121e-15 2 0 0 2 1 0 0 0 0 0 1 0 1 0 2 0 0 1 0 1 0 0 1 0 0 1 0 0 0 1 1 0 1 0 0 0 TRUE
NC_035108.1 234576425 46 2_SaudiArabia_2_1 8.58223447190121e-15 2 0 0 2 1 0 0 0 0 0 1 0 1 0 2 0 0 1 0 1 0 0 1 0 0 1 0 0 0 1 1 0 1 0 0 0 TRUE
NC_035108.1 234576463 47 2_SaudiArabia_2_1 8.58223447190121e-15 2 0 0 2 1 0 0 0 0 0 1 0 1 0 2 0 0 1 0 1 0 0 1 0 0 1 0 0 0 1 1 0 1 0 0 0 TRUE
NC_035108.1 234576472 48 2_SaudiArabia_2_1 8.58223447190121e-15 2 0 0 2 1 0 0 0 0 0 1 0 1 0 2 0 0 1 0 1 0 0 1 0 0 1 0 0 0 1 1 0 1 0 0 0 TRUE
NC_035108.1 234579174 49 2_SaudiArabia_2_1 8.58223447190121e-15 2 0 0 2 1 0 0 0 0 0 1 0 1 0 2 0 0 1 0 1 0 0 1 0 0 1 0 0 0 1 1 0 1 0 0 0 TRUE
NC_035108.1 234581047 50 2_SaudiArabia_2_1 8.58223447190121e-15 2 0 0 2 1 0 0 0 0 0 1 0 1 0 2 0 0 1 0 1 0 0 1 0 0 1 0 0 0 1 1 0 1 0 0 0 TRUE
NC_035108.1 234596707 51 2_SaudiArabia_2_1 8.58223447190121e-15 2 0 0 2 1 0 0 0 0 0 1 0 1 0 2 0 0 1 0 1 0 0 1 0 0 1 0 0 0 1 1 0 1 0 0 0 TRUE
NC_035108.1 234596892 52 2_SaudiArabia_2_1 8.58223447190121e-15 2 0 0 2 1 0 0 0 0 0 1 0 1 0 2 0 0 1 0 1 0 0 1 0 0 1 0 0 0 1 1 0 1 0 0 0 TRUE
NC_035108.1 234596901 53 2_SaudiArabia_2_1 8.58223447190121e-15 2 0 0 2 1 0 0 0 0 0 1 0 1 0 2 0 0 1 0 1 0 0 1 0 0 1 0 0 0 1 1 0 1 0 0 0 TRUE
NC_035108.1 234610915 54 2_SaudiArabia_2_1 8.58223447190121e-15 2 0 0 2 1 0 0 0 0 0 1 0 1 0 2 0 0 1 0 1 0 0 1 0 0 1 0 0 0 1 1 0 1 0 0 0 TRUE
NC_035108.1 234611076 55 2_SaudiArabia_2_1 8.58223447190121e-15 2 0 0 2 1 0 0 0 0 0 1 0 1 0 2 0 0 1 0 1 0 0 1 0 0 1 0 0 0 1 1 0 1 0 0 0 TRUE
NC_035108.1 234611093 56 2_SaudiArabia_2_1 8.58223447190121e-15 2 0 0 2 1 0 0 0 0 0 1 0 1 0 2 0 0 1 0 1 0 0 1 0 0 1 0 0 0 1 1 0 1 0 0 0 TRUE
NC_035108.1 234633566 57 2_SaudiArabia_2_1 8.58223447190121e-15 2 0 0 2 1 0 0 0 0 0 1 0 1 0 2 0 0 1 0 1 0 0 1 0 0 1 0 0 0 1 1 0 1 0 0 0 TRUE
NC_035108.1 234633623 58 2_SaudiArabia_2_1 8.58223447190121e-15 2 0 0 2 1 0 0 0 0 0 1 0 1 0 2 0 0 1 0 1 0 0 1 0 0 1 0 0 0 1 1 0 1 0 0 0 TRUE
NC_035108.1 234641123 59 2_SaudiArabia_2_1 8.58223447190121e-15 2 0 0 2 1 0 0 0 0 0 1 0 1 0 2 0 0 1 0 1 0 0 1 0 0 1 0 0 0 1 1 0 1 0 0 0 TRUE
NC_035108.1 234650249 60 2_SaudiArabia_2_1 8.58223447190121e-15 2 0 0 2 1 0 0 0 0 0 1 0 1 0 2 0 0 1 0 1 0 0 1 0 0 1 0 0 0 1 1 0 1 0 0 0 TRUE
NC_035108.1 234650274 61 2_SaudiArabia_2_1 8.58223447190121e-15 2 0 0 2 1 0 0 0 0 0 1 0 1 0 2 0 0 1 0 1 0 0 1 0 0 1 0 0 0 1 1 0 1 0 0 0 TRUE
NC_035108.1 234677193 62 2_SaudiArabia_2_1 8.58223447190121e-15 2 0 0 2 1 0 0 0 0 0 1 0 1 0 2 0 0 1 0 1 0 0 1 0 0 1 0 0 0 1 1 0 1 0 0 0 TRUE
NC_035108.1 234722504 63 2_SaudiArabia_2_1 8.58223447190121e-15 2 0 0 2 1 0 0 0 0 0 1 0 1 0 2 0 0 1 0 1 0 0 1 0 0 1 0 0 0 1 1 0 1 0 0 0 TRUE
NC_035108.1 234734544 64 2_SaudiArabia_2_1 8.58223447190121e-15 2 0 0 2 1 0 0 0 0 0 1 0 1 0 2 0 0 1 0 1 0 0 1 0 0 1 0 0 0 1 1 0 1 0 0 0 TRUE
NC_035108.1 234734616 65 2_SaudiArabia_2_1 8.58223447190121e-15 2 0 0 2 1 0 0 0 0 0 1 0 1 0 2 0 0 1 0 1 0 0 1 0 0 1 0 0 0 1 1 0 1 0 0 0 TRUE
NC_035108.1 234742262 66 2_SaudiArabia_2_1 8.58223447190121e-15 2 0 0 2 1 0 0 0 0 0 1 0 1 0 2 0 0 1 0 1 0 0 1 0 0 1 0 0 0 1 1 0 1 0 0 0 TRUE
NC_035108.1 234751126 67 2_SaudiArabia_2_1 8.58223447190121e-15 2 0 0 2 1 0 0 0 0 0 1 0 1 0 2 0 0 1 0 1 0 0 1 0 0 1 0 0 0 1 1 0 1 0 0 0 TRUE
NC_035108.1 234751333 68 2_SaudiArabia_2_1 8.58223447190121e-15 2 0 0 2 1 0 0 0 0 0 1 0 1 0 2 0 0 1 0 1 0 0 1 0 0 1 0 0 0 1 1 0 1 0 0 0 TRUE
NC_035108.1 234754292 69 2_SaudiArabia_2_1 8.58223447190121e-15 2 0 0 2 1 0 0 0 0 0 1 0 1 0 2 0 0 1 0 1 0 0 1 0 0 1 0 0 0 1 1 0 1 0 0 0 TRUE
NC_035108.1 234776741 70 2_SaudiArabia_2_1 8.58223447190121e-15 2 0 0 2 1 0 0 0 0 0 1 0 1 0 2 0 0 1 0 1 0 0 1 0 0 1 0 0 0 1 1 0 1 0 0 0 TRUE
NC_035108.1 234780759 71 2_SaudiArabia_2_1 8.58223447190121e-15 2 0 0 2 1 0 0 0 0 0 1 0 1 0 2 0 0 1 0 1 0 0 1 0 0 1 0 0 0 1 1 0 1 0 0 0 TRUE
NC_035108.1 234785013 72 2_SaudiArabia_2_1 8.58223447190121e-15 2 0 0 2 1 0 0 0 0 0 1 0 1 0 2 0 0 1 0 1 0 0 1 0 0 1 0 0 0 1 1 0 1 0 0 0 TRUE
NC_035108.1 234785038 73 2_SaudiArabia_2_1 8.58223447190121e-15 2 0 0 2 1 0 0 0 0 0 1 0 1 0 2 0 0 1 0 1 0 0 1 0 0 1 0 0 0 1 1 0 1 0 0 0 TRUE
NC_035108.1 234809948 74 2_SaudiArabia_2_1 8.58223447190121e-15 2 0 0 2 1 0 0 0 0 0 1 0 1 0 2 0 0 1 0 1 0 0 1 0 0 1 0 0 0 1 1 0 1 0 0 0 TRUE
NC_035108.1 234818289 75 2_SaudiArabia_2_1 8.58223447190121e-15 2 0 0 2 1 0 0 0 0 0 1 0 1 0 2 0 0 1 0 1 0 0 1 0 0 1 0 0 0 1 1 0 1 0 0 0 TRUE
NC_035108.1 234818293 76 2_SaudiArabia_2_1 8.58223447190121e-15 2 0 0 2 1 0 0 0 0 0 1 0 1 0 2 0 0 1 0 1 0 0 1 0 0 1 0 0 0 1 1 0 1 0 0 0 TRUE
NC_035108.1 234823238 77 2_SaudiArabia_2_1 8.58223447190121e-15 2 0 0 2 1 0 0 0 0 0 1 0 1 0 2 0 0 1 0 1 0 0 1 0 0 1 0 0 0 1 1 0 1 0 0 0 TRUE
NC_035108.1 234823653 78 2_SaudiArabia_2_1 8.58223447190121e-15 2 0 0 2 1 0 0 0 0 0 1 0 1 0 2 0 0 1 0 1 0 0 1 0 0 1 0 0 0 1 1 0 1 0 0 0 TRUE
NC_035108.1 234825800 79 2_SaudiArabia_2_1 8.58223447190121e-15 2 0 0 2 1 0 0 0 0 0 1 0 1 0 2 0 0 1 0 1 0 0 1 0 0 1 0 0 0 1 1 0 1 0 0 0 TRUE
NC_035108.1 234834992 80 2_SaudiArabia_2_1 8.58223447190121e-15 2 0 0 2 1 0 0 0 0 0 1 0 1 0 2 0 0 1 0 1 0 0 1 0 0 1 0 0 0 1 1 0 1 0 0 0 TRUE
NC_035108.1 234840881 81 2_SaudiArabia_2_1 8.58223447190121e-15 2 0 0 2 1 0 0 0 0 0 1 0 1 0 2 0 0 1 0 1 0 0 1 0 0 1 0 0 0 1 1 0 1 0 0 0 TRUE
NC_035108.1 234849060 82 2_SaudiArabia_2_1 8.58223447190121e-15 2 0 0 2 1 0 0 0 0 0 1 0 1 0 2 0 0 1 0 1 0 0 1 0 0 1 0 0 0 1 1 0 1 0 0 0 TRUE
NC_035108.1 234849084 83 2_SaudiArabia_2_1 8.58223447190121e-15 2 0 0 2 1 0 0 0 0 0 1 0 1 0 2 0 0 1 0 1 0 0 1 0 0 1 0 0 0 1 1 0 1 0 0 0 TRUE
NC_035108.1 234850478 84 2_SaudiArabia_2_1 8.58223447190121e-15 2 0 0 2 1 0 0 0 0 0 1 0 1 0 2 0 0 1 0 1 0 0 1 0 0 1 0 0 0 1 1 0 1 0 0 0 TRUE
NC_035108.1 234856982 85 2_SaudiArabia_2_1 8.58223447190121e-15 2 0 0 2 1 0 0 0 0 0 1 0 1 0 2 0 0 1 0 1 0 0 1 0 0 1 0 0 0 1 1 0 1 0 0 0 TRUE
NC_035108.1 234859771 86 2_SaudiArabia_2_1 8.58223447190121e-15 2 0 0 2 1 0 0 0 0 0 1 0 1 0 2 0 0 1 0 1 0 0 1 0 0 1 0 0 0 1 1 0 1 0 0 0 TRUE
NC_035108.1 234860814 87 2_SaudiArabia_2_1 8.58223447190121e-15 2 0 0 2 1 0 0 0 0 0 1 0 1 0 2 0 0 1 0 1 0 0 1 0 0 1 0 0 0 1 1 0 1 0 0 0 TRUE
NC_035108.1 234860837 88 2_SaudiArabia_2_1 8.58223447190121e-15 2 0 0 2 1 0 0 0 0 0 1 0 1 0 2 0 0 1 0 1 0 0 1 0 0 1 0 0 0 1 1 0 1 0 0 0 TRUE
NC_035108.1 234877683 89 2_SaudiArabia_2_1 8.58223447190121e-15 2 0 0 2 1 0 0 0 0 0 1 0 1 0 2 0 0 1 0 1 0 0 1 0 0 1 0 0 0 1 1 0 1 0 0 0 TRUE
NC_035108.1 234877805 90 2_SaudiArabia_2_1 8.58223447190121e-15 2 0 0 2 1 0 0 0 0 0 1 0 1 0 2 0 0 1 0 1 0 0 1 0 0 1 0 0 0 1 1 0 1 0 0 0 TRUE
NC_035108.1 234879097 91 2_SaudiArabia_2_1 8.58223447190121e-15 2 0 0 2 1 0 0 0 0 0 1 0 1 0 2 0 0 1 0 1 0 0 1 0 0 1 0 0 0 1 1 0 1 0 0 0 TRUE
NC_035108.1 234881131 92 2_SaudiArabia_2_1 8.58223447190121e-15 2 0 0 2 1 0 0 0 0 0 1 0 1 0 2 0 0 1 0 1 0 0 1 0 0 1 0 0 0 1 1 0 1 0 0 0 TRUE
NC_035108.1 234911937 93 2_SaudiArabia_2_1 8.58223447190121e-15 2 0 0 2 1 0 0 0 0 0 1 0 1 0 2 0 0 1 0 1 0 0 1 0 0 1 0 0 0 1 1 0 1 0 0 0 TRUE
NC_035108.1 234916387 94 2_SaudiArabia_2_1 8.58223447190121e-15 2 0 0 2 1 0 0 0 0 0 1 0 1 0 2 0 0 1 0 1 0 0 1 0 0 1 0 0 0 1 1 0 1 0 0 0 TRUE
NC_035108.1 234916914 95 2_SaudiArabia_2_1 8.58223447190121e-15 2 0 0 2 1 0 0 0 0 0 1 0 1 0 2 0 0 1 0 1 0 0 1 0 0 1 0 0 0 1 1 0 1 0 0 0 TRUE
NC_035108.1 234917496 96 2_SaudiArabia_2_1 8.58223447190121e-15 2 0 0 2 1 0 0 0 0 0 1 0 1 0 2 0 0 1 0 1 0 0 1 0 0 1 0 0 0 1 1 0 1 0 0 0 TRUE
NC_035108.1 234918074 97 2_SaudiArabia_2_1 8.58223447190121e-15 2 0 0 2 1 0 0 0 0 0 1 0 1 0 2 0 0 1 0 1 0 0 1 0 0 1 0 0 0 1 1 0 1 0 0 0 TRUE
NC_035108.1 234928137 98 2_SaudiArabia_2_1 8.58223447190121e-15 2 0 0 2 1 0 0 0 0 0 1 0 1 0 2 0 0 1 0 1 0 0 1 0 0 1 0 0 0 1 1 0 1 0 0 0 TRUE
NC_035108.1 234950597 99 2_SaudiArabia_2_1 8.58223447190121e-15 2 0 0 2 1 0 0 0 0 0 1 0 1 0 2 0 0 1 0 1 0 0 1 0 0 1 0 0 0 1 1 0 1 0 0 0 TRUE
NC_035108.1 234950739 100 2_SaudiArabia_2_1 8.58223447190121e-15 2 0 0 2 1 0 0 0 0 0 1 0 1 0 2 0 0 1 0 1 0 0 1 0 0 1 0 0 0 1 1 0 1 0 0 0 TRUE
