chrom pos i inv assoc Debug021_aegypti_Bangr_Ouaga_Burkina_Faso_F_1 Debug021_aegypti_Gound_Ouaga_Burkina_Faso_F_2 Debug021_aegypti_LG_Ouaga_Burkina_Faso_F_10 Debug021_aegypti_LG_Ouaga_Burkina_Faso_F_11 Debug021_aegypti_LG_Ouaga_Burkina_Faso_F_12 Debug021_aegypti_LG_Ouaga_Burkina_Faso_F_13 Debug021_aegypti_LG_Ouaga_Burkina_Faso_F_14 Debug021_aegypti_LG_Ouaga_Burkina_Faso_F_15 Debug021_aegypti_LG_Ouaga_Burkina_Faso_F_16 Debug021_aegypti_LG_Ouaga_Burkina_Faso_F_18 Debug021_aegypti_LG_Ouaga_Burkina_Faso_F_19 Debug021_aegypti_LG_Ouaga_Burkina_Faso_F_9 Debug021_aegypti_Tab_Ouaga_Burkina_Faso_F_17 Debug021_aegypti_Tab_Ouaga_Burkina_Faso_F_20 Debug021_aegypti_Tab_Ouaga_Burkina_Faso_F_3 Debug021_aegypti_Tab_Ouaga_Burkina_Faso_F_4 Debug021_aegypti_Tab_Ouaga_Burkina_Faso_F_5 Debug021_aegypti_Tab_Ouaga_Burkina_Faso_F_6 Debug021_aegypti_Tab_Ouaga_Burkina_Faso_F_7 Debug021_aegypti_Tab_Ouaga_Burkina_Faso_F_8 Debug023_aegypti_Ouahigouya_BurkinaFaso_F_11 Debug023_aegypti_Ouahigouya_BurkinaFaso_F_13 Debug023_aegypti_Ouahigouya_BurkinaFaso_F_14 Debug023_aegypti_Ouahigouya_BurkinaFaso_F_16 Debug023_aegypti_Ouahigouya_BurkinaFaso_F_17 Debug023_aegypti_Ouahigouya_BurkinaFaso_F_2 Debug023_aegypti_Ouahigouya_BurkinaFaso_F_3 Debug023_aegypti_Ouahigouya_BurkinaFaso_F_4 Debug023_aegypti_Ouahigouya_BurkinaFaso_F_5 Debug023_aegypti_Ouahigouya_BurkinaFaso_F_9 Debug023_aegypti_Ouahigouya_BurkinaFaso_M_1 Debug023_aegypti_Ouahigouya_BurkinaFaso_M_10 Debug023_aegypti_Ouahigouya_BurkinaFaso_M_12 Debug023_aegypti_Ouahigouya_BurkinaFaso_M_15 Debug023_aegypti_Ouahigouya_BurkinaFaso_M_6 Debug023_aegypti_Ouahigouya_BurkinaFaso_M_7 include
NC_035107.1 148937978 1 1_BurkinaFaso_1_3 8.58223447190121e-15 0 0 0 1 0 0 1 0 1 1 0 2 1 0 0 0 2 1 1 1 0 0 1 1 0 1 0 1 1 2 0 1 0 1 0 0 TRUE
NC_035107.1 148939868 2 1_BurkinaFaso_1_3 8.58223447190121e-15 0 0 0 1 0 0 1 0 1 1 0 2 1 0 0 0 2 1 1 1 0 0 1 1 0 1 0 1 1 2 0 1 0 1 0 0 TRUE
NC_035107.1 148939870 3 1_BurkinaFaso_1_3 8.58223447190121e-15 0 0 0 1 0 0 1 0 1 1 0 2 1 0 0 0 2 1 1 1 0 0 1 1 0 1 0 1 1 2 0 1 0 1 0 0 TRUE
NC_035107.1 153001914 4 1_BurkinaFaso_1_3 8.58223447190121e-15 0 0 0 1 0 0 1 0 1 1 0 2 1 0 0 0 2 1 1 1 0 0 1 1 0 1 0 1 1 2 0 1 0 1 0 0 TRUE
NC_035107.1 153054970 5 1_BurkinaFaso_1_3 8.58223447190121e-15 0 0 0 1 0 0 1 0 1 1 0 2 1 0 0 0 2 1 1 1 0 0 1 1 0 1 0 1 1 2 0 1 0 1 0 0 TRUE
NC_035107.1 153055162 6 1_BurkinaFaso_1_3 8.58223447190121e-15 0 0 0 1 0 0 1 0 1 1 0 2 1 0 0 0 2 1 1 1 0 0 1 1 0 1 0 1 1 2 0 1 0 1 0 0 TRUE
NC_035107.1 153070919 7 1_BurkinaFaso_1_3 8.58223447190121e-15 0 0 0 1 0 0 1 0 1 1 0 2 1 0 0 0 2 1 1 1 0 0 1 1 0 1 0 1 1 2 0 1 0 1 0 0 TRUE
NC_035107.1 153103682 8 1_BurkinaFaso_1_3 8.58223447190121e-15 0 0 0 1 0 0 1 0 1 1 0 2 1 0 0 0 2 1 1 1 0 0 1 1 0 1 0 1 1 2 0 1 0 1 0 0 TRUE
NC_035107.1 153223521 9 1_BurkinaFaso_1_3 8.58223447190121e-15 0 0 0 1 0 0 1 0 1 1 0 2 1 0 0 0 2 1 1 1 0 0 1 1 0 1 0 1 1 2 0 1 0 1 0 0 TRUE
NC_035107.1 153766896 10 1_BurkinaFaso_1_3 8.58223447190121e-15 0 0 0 1 0 0 1 0 1 1 0 2 1 0 0 0 2 1 1 1 0 0 1 1 0 1 0 1 1 2 0 1 0 1 0 0 TRUE
NC_035107.1 153766909 11 1_BurkinaFaso_1_3 8.58223447190121e-15 0 0 0 1 0 0 1 0 1 1 0 2 1 0 0 0 2 1 1 1 0 0 1 1 0 1 0 1 1 2 0 1 0 1 0 0 TRUE
NC_035107.1 154013662 12 1_BurkinaFaso_1_3 8.58223447190121e-15 0 0 0 1 0 0 1 0 1 1 0 2 1 0 0 0 2 1 1 1 0 0 1 1 0 1 0 1 1 2 0 1 0 1 0 0 TRUE
NC_035107.1 154016919 13 1_BurkinaFaso_1_3 8.58223447190121e-15 0 0 0 1 0 0 1 0 1 1 0 2 1 0 0 0 2 1 1 1 0 0 1 1 0 1 0 1 1 2 0 1 0 1 0 0 TRUE
NC_035107.1 154018965 14 1_BurkinaFaso_1_3 8.58223447190121e-15 0 0 0 1 0 0 1 0 1 1 0 2 1 0 0 0 2 1 1 1 0 0 1 1 0 1 0 1 1 2 0 1 0 1 0 0 TRUE
NC_035107.1 154216912 15 1_BurkinaFaso_1_3 8.58223447190121e-15 0 0 0 1 0 0 1 0 1 1 0 2 1 0 0 0 2 1 1 1 0 0 1 1 0 1 0 1 1 2 0 1 0 1 0 0 TRUE
NC_035107.1 154219518 16 1_BurkinaFaso_1_3 8.58223447190121e-15 0 0 0 1 0 0 1 0 1 1 0 2 1 0 0 0 2 1 1 1 0 0 1 1 0 1 0 1 1 2 0 1 0 1 0 0 TRUE
NC_035107.1 154222464 17 1_BurkinaFaso_1_3 8.58223447190121e-15 0 0 0 1 0 0 1 0 1 1 0 2 1 0 0 0 2 1 1 1 0 0 1 1 0 1 0 1 1 2 0 1 0 1 0 0 TRUE
NC_035107.1 154417282 18 1_BurkinaFaso_1_3 8.58223447190121e-15 0 0 0 1 0 0 1 0 1 1 0 2 1 0 0 0 2 1 1 1 0 0 1 1 0 1 0 1 1 2 0 1 0 1 0 0 TRUE
NC_035107.1 154535550 19 1_BurkinaFaso_1_3 8.58223447190121e-15 0 0 0 1 0 0 1 0 1 1 0 2 1 0 0 0 2 1 1 1 0 0 1 1 0 1 0 1 1 2 0 1 0 1 0 0 TRUE
NC_035107.1 154579317 20 1_BurkinaFaso_1_3 8.58223447190121e-15 0 0 0 1 0 0 1 0 1 1 0 2 1 0 0 0 2 1 1 1 0 0 1 1 0 1 0 1 1 2 0 1 0 1 0 0 TRUE
NC_035107.1 154602801 21 1_BurkinaFaso_1_3 8.58223447190121e-15 0 0 0 1 0 0 1 0 1 1 0 2 1 0 0 0 2 1 1 1 0 0 1 1 0 1 0 1 1 2 0 1 0 1 0 0 TRUE
NC_035107.1 154666921 22 1_BurkinaFaso_1_3 8.58223447190121e-15 0 0 0 1 0 0 1 0 1 1 0 2 1 0 0 0 2 1 1 1 0 0 1 1 0 1 0 1 1 2 0 1 0 1 0 0 TRUE
NC_035107.1 154947126 23 1_BurkinaFaso_1_3 8.58223447190121e-15 0 0 0 1 0 0 1 0 1 1 0 2 1 0 0 0 2 1 1 1 0 0 1 1 0 1 0 1 1 2 0 1 0 1 0 0 TRUE
NC_035107.1 154951875 24 1_BurkinaFaso_1_3 8.58223447190121e-15 0 0 0 1 0 0 1 0 1 1 0 2 1 0 0 0 2 1 1 1 0 0 1 1 0 1 0 1 1 2 0 1 0 1 0 0 TRUE
NC_035107.1 155016972 25 1_BurkinaFaso_1_3 8.58223447190121e-15 0 0 0 1 0 0 1 0 1 1 0 2 1 0 0 0 2 1 1 1 0 0 1 1 0 1 0 1 1 2 0 1 0 1 0 0 TRUE
NC_035107.1 155017587 26 1_BurkinaFaso_1_3 8.58223447190121e-15 0 0 0 1 0 0 1 0 1 1 0 2 1 0 0 0 2 1 1 1 0 0 1 1 0 1 0 1 1 2 0 1 0 1 0 0 TRUE
NC_035107.1 155029385 27 1_BurkinaFaso_1_3 8.58223447190121e-15 0 0 0 1 0 0 1 0 1 1 0 2 1 0 0 0 2 1 1 1 0 0 1 1 0 1 0 1 1 2 0 1 0 1 0 0 TRUE
NC_035107.1 155047242 28 1_BurkinaFaso_1_3 8.58223447190121e-15 0 0 0 1 0 0 1 0 1 1 0 2 1 0 0 0 2 1 1 1 0 0 1 1 0 1 0 1 1 2 0 1 0 1 0 0 TRUE
NC_035107.1 155048230 29 1_BurkinaFaso_1_3 8.58223447190121e-15 0 0 0 1 0 0 1 0 1 1 0 2 1 0 0 0 2 1 1 1 0 0 1 1 0 1 0 1 1 2 0 1 0 1 0 0 TRUE
NC_035107.1 155048337 30 1_BurkinaFaso_1_3 8.58223447190121e-15 0 0 0 1 0 0 1 0 1 1 0 2 1 0 0 0 2 1 1 1 0 0 1 1 0 1 0 1 1 2 0 1 0 1 0 0 TRUE
NC_035107.1 155052935 31 1_BurkinaFaso_1_3 8.58223447190121e-15 0 0 0 1 0 0 1 0 1 1 0 2 1 0 0 0 2 1 1 1 0 0 1 1 0 1 0 1 1 2 0 1 0 1 0 0 TRUE
NC_035107.1 155062976 32 1_BurkinaFaso_1_3 8.58223447190121e-15 0 0 0 1 0 0 1 0 1 1 0 2 1 0 0 0 2 1 1 1 0 0 1 1 0 1 0 1 1 2 0 1 0 1 0 0 TRUE
NC_035107.1 155174330 33 1_BurkinaFaso_1_3 8.58223447190121e-15 0 0 0 1 0 0 1 0 1 1 0 2 1 0 0 0 2 1 1 1 0 0 1 1 0 1 0 1 1 2 0 1 0 1 0 0 TRUE
NC_035107.1 155258747 34 1_BurkinaFaso_1_3 8.58223447190121e-15 0 0 0 1 0 0 1 0 1 1 0 2 1 0 0 0 2 1 1 1 0 0 1 1 0 1 0 1 1 2 0 1 0 1 0 0 TRUE
NC_035107.1 155273061 35 1_BurkinaFaso_1_3 8.58223447190121e-15 0 0 0 1 0 0 1 0 1 1 0 2 1 0 0 0 2 1 1 1 0 0 1 1 0 1 0 1 1 2 0 1 0 1 0 0 TRUE
NC_035107.1 155280322 36 1_BurkinaFaso_1_3 8.58223447190121e-15 0 0 0 1 0 0 1 0 1 1 0 2 1 0 0 0 2 1 1 1 0 0 1 1 0 1 0 1 1 2 0 1 0 1 0 0 TRUE
NC_035107.1 155295979 37 1_BurkinaFaso_1_3 8.58223447190121e-15 0 0 0 1 0 0 1 0 1 1 0 2 1 0 0 0 2 1 1 1 0 0 1 1 0 1 0 1 1 2 0 1 0 1 0 0 TRUE
NC_035107.1 155296247 38 1_BurkinaFaso_1_3 8.58223447190121e-15 0 0 0 1 0 0 1 0 1 1 0 2 1 0 0 0 2 1 1 1 0 0 1 1 0 1 0 1 1 2 0 1 0 1 0 0 TRUE
NC_035107.1 155326762 39 1_BurkinaFaso_1_3 8.58223447190121e-15 0 0 0 1 0 0 1 0 1 1 0 2 1 0 0 0 2 1 1 1 0 0 1 1 0 1 0 1 1 2 0 1 0 1 0 0 TRUE
NC_035107.1 155387318 40 1_BurkinaFaso_1_3 8.58223447190121e-15 0 0 0 1 0 0 1 0 1 1 0 2 1 0 0 0 2 1 1 1 0 0 1 1 0 1 0 1 1 2 0 1 0 1 0 0 TRUE
NC_035107.1 155387377 41 1_BurkinaFaso_1_3 8.58223447190121e-15 0 0 0 1 0 0 1 0 1 1 0 2 1 0 0 0 2 1 1 1 0 0 1 1 0 1 0 1 1 2 0 1 0 1 0 0 TRUE
NC_035107.1 155387453 42 1_BurkinaFaso_1_3 8.58223447190121e-15 0 0 0 1 0 0 1 0 1 1 0 2 1 0 0 0 2 1 1 1 0 0 1 1 0 1 0 1 1 2 0 1 0 1 0 0 TRUE
NC_035107.1 155394664 43 1_BurkinaFaso_1_3 8.58223447190121e-15 0 0 0 1 0 0 1 0 1 1 0 2 1 0 0 0 2 1 1 1 0 0 1 1 0 1 0 1 1 2 0 1 0 1 0 0 TRUE
NC_035107.1 155405979 44 1_BurkinaFaso_1_3 8.58223447190121e-15 0 0 0 1 0 0 1 0 1 1 0 2 1 0 0 0 2 1 1 1 0 0 1 1 0 1 0 1 1 2 0 1 0 1 0 0 TRUE
NC_035107.1 155413039 45 1_BurkinaFaso_1_3 8.58223447190121e-15 0 0 0 1 0 0 1 0 1 1 0 2 1 0 0 0 2 1 1 1 0 0 1 1 0 1 0 1 1 2 0 1 0 1 0 0 TRUE
NC_035107.1 155441798 46 1_BurkinaFaso_1_3 8.58223447190121e-15 0 0 0 1 0 0 1 0 1 1 0 2 1 0 0 0 2 1 1 1 0 0 1 1 0 1 0 1 1 2 0 1 0 1 0 0 TRUE
NC_035107.1 155450195 47 1_BurkinaFaso_1_3 8.58223447190121e-15 0 0 0 1 0 0 1 0 1 1 0 2 1 0 0 0 2 1 1 1 0 0 1 1 0 1 0 1 1 2 0 1 0 1 0 0 TRUE
NC_035107.1 155450285 48 1_BurkinaFaso_1_3 8.58223447190121e-15 0 0 0 1 0 0 1 0 1 1 0 2 1 0 0 0 2 1 1 1 0 0 1 1 0 1 0 1 1 2 0 1 0 1 0 0 TRUE
NC_035107.1 155464549 49 1_BurkinaFaso_1_3 8.58223447190121e-15 0 0 0 1 0 0 1 0 1 1 0 2 1 0 0 0 2 1 1 1 0 0 1 1 0 1 0 1 1 2 0 1 0 1 0 0 TRUE
NC_035107.1 155464826 50 1_BurkinaFaso_1_3 8.58223447190121e-15 0 0 0 1 0 0 1 0 1 1 0 2 1 0 0 0 2 1 1 1 0 0 1 1 0 1 0 1 1 2 0 1 0 1 0 0 TRUE
NC_035107.1 155525407 51 1_BurkinaFaso_1_3 8.58223447190121e-15 0 0 0 1 0 0 1 0 1 1 0 2 1 0 0 0 2 1 1 1 0 0 1 1 0 1 0 1 1 2 0 1 0 1 0 0 TRUE
NC_035107.1 155525410 52 1_BurkinaFaso_1_3 8.58223447190121e-15 0 0 0 1 0 0 1 0 1 1 0 2 1 0 0 0 2 1 1 1 0 0 1 1 0 1 0 1 1 2 0 1 0 1 0 0 TRUE
NC_035107.1 155527086 53 1_BurkinaFaso_1_3 8.58223447190121e-15 0 0 0 1 0 0 1 0 1 1 0 2 1 0 0 0 2 1 1 1 0 0 1 1 0 1 0 1 1 2 0 1 0 1 0 0 TRUE
NC_035107.1 155550726 54 1_BurkinaFaso_1_3 8.58223447190121e-15 0 0 0 1 0 0 1 0 1 1 0 2 1 0 0 0 2 1 1 1 0 0 1 1 0 1 0 1 1 2 0 1 0 1 0 0 TRUE
NC_035107.1 155561645 55 1_BurkinaFaso_1_3 8.58223447190121e-15 0 0 0 1 0 0 1 0 1 1 0 2 1 0 0 0 2 1 1 1 0 0 1 1 0 1 0 1 1 2 0 1 0 1 0 0 TRUE
NC_035107.1 155633499 56 1_BurkinaFaso_1_3 8.58223447190121e-15 0 0 0 1 0 0 1 0 1 1 0 2 1 0 0 0 2 1 1 1 0 0 1 1 0 1 0 1 1 2 0 1 0 1 0 0 TRUE
NC_035107.1 155644580 57 1_BurkinaFaso_1_3 8.58223447190121e-15 0 0 0 1 0 0 1 0 1 1 0 2 1 0 0 0 2 1 1 1 0 0 1 1 0 1 0 1 1 2 0 1 0 1 0 0 TRUE
NC_035107.1 155646318 58 1_BurkinaFaso_1_3 8.58223447190121e-15 0 0 0 1 0 0 1 0 1 1 0 2 1 0 0 0 2 1 1 1 0 0 1 1 0 1 0 1 1 2 0 1 0 1 0 0 TRUE
NC_035107.1 155688184 59 1_BurkinaFaso_1_3 8.58223447190121e-15 0 0 0 1 0 0 1 0 1 1 0 2 1 0 0 0 2 1 1 1 0 0 1 1 0 1 0 1 1 2 0 1 0 1 0 0 TRUE
NC_035107.1 155846979 60 1_BurkinaFaso_1_3 8.58223447190121e-15 0 0 0 1 0 0 1 0 1 1 0 2 1 0 0 0 2 1 1 1 0 0 1 1 0 1 0 1 1 2 0 1 0 1 0 0 TRUE
NC_035107.1 155850929 61 1_BurkinaFaso_1_3 8.58223447190121e-15 0 0 0 1 0 0 1 0 1 1 0 2 1 0 0 0 2 1 1 1 0 0 1 1 0 1 0 1 1 2 0 1 0 1 0 0 TRUE
NC_035107.1 155856711 62 1_BurkinaFaso_1_3 8.58223447190121e-15 0 0 0 1 0 0 1 0 1 1 0 2 1 0 0 0 2 1 1 1 0 0 1 1 0 1 0 1 1 2 0 1 0 1 0 0 TRUE
NC_035107.1 155857483 63 1_BurkinaFaso_1_3 8.58223447190121e-15 0 0 0 1 0 0 1 0 1 1 0 2 1 0 0 0 2 1 1 1 0 0 1 1 0 1 0 1 1 2 0 1 0 1 0 0 TRUE
NC_035107.1 155871013 64 1_BurkinaFaso_1_3 8.58223447190121e-15 0 0 0 1 0 0 1 0 1 1 0 2 1 0 0 0 2 1 1 1 0 0 1 1 0 1 0 1 1 2 0 1 0 1 0 0 TRUE
NC_035107.1 155886216 65 1_BurkinaFaso_1_3 8.58223447190121e-15 0 0 0 1 0 0 1 0 1 1 0 2 1 0 0 0 2 1 1 1 0 0 1 1 0 1 0 1 1 2 0 1 0 1 0 0 TRUE
NC_035107.1 155988447 66 1_BurkinaFaso_1_3 8.58223447190121e-15 0 0 0 1 0 0 1 0 1 1 0 2 1 0 0 0 2 1 1 1 0 0 1 1 0 1 0 1 1 2 0 1 0 1 0 0 TRUE
NC_035107.1 155988709 67 1_BurkinaFaso_1_3 8.58223447190121e-15 0 0 0 1 0 0 1 0 1 1 0 2 1 0 0 0 2 1 1 1 0 0 1 1 0 1 0 1 1 2 0 1 0 1 0 0 TRUE
NC_035107.1 155989816 68 1_BurkinaFaso_1_3 8.58223447190121e-15 0 0 0 1 0 0 1 0 1 1 0 2 1 0 0 0 2 1 1 1 0 0 1 1 0 1 0 1 1 2 0 1 0 1 0 0 TRUE
NC_035107.1 155990827 69 1_BurkinaFaso_1_3 8.58223447190121e-15 0 0 0 1 0 0 1 0 1 1 0 2 1 0 0 0 2 1 1 1 0 0 1 1 0 1 0 1 1 2 0 1 0 1 0 0 TRUE
NC_035107.1 155991077 70 1_BurkinaFaso_1_3 8.58223447190121e-15 0 0 0 1 0 0 1 0 1 1 0 2 1 0 0 0 2 1 1 1 0 0 1 1 0 1 0 1 1 2 0 1 0 1 0 0 TRUE
NC_035107.1 156000158 71 1_BurkinaFaso_1_3 8.58223447190121e-15 0 0 0 1 0 0 1 0 1 1 0 2 1 0 0 0 2 1 1 1 0 0 1 1 0 1 0 1 1 2 0 1 0 1 0 0 TRUE
NC_035107.1 156004723 72 1_BurkinaFaso_1_3 8.58223447190121e-15 0 0 0 1 0 0 1 0 1 1 0 2 1 0 0 0 2 1 1 1 0 0 1 1 0 1 0 1 1 2 0 1 0 1 0 0 TRUE
NC_035107.1 156024069 73 1_BurkinaFaso_1_3 8.58223447190121e-15 0 0 0 1 0 0 1 0 1 1 0 2 1 0 0 0 2 1 1 1 0 0 1 1 0 1 0 1 1 2 0 1 0 1 0 0 TRUE
NC_035107.1 156033576 74 1_BurkinaFaso_1_3 8.58223447190121e-15 0 0 0 1 0 0 1 0 1 1 0 2 1 0 0 0 2 1 1 1 0 0 1 1 0 1 0 1 1 2 0 1 0 1 0 0 TRUE
NC_035107.1 156074404 75 1_BurkinaFaso_1_3 8.58223447190121e-15 0 0 0 1 0 0 1 0 1 1 0 2 1 0 0 0 2 1 1 1 0 0 1 1 0 1 0 1 1 2 0 1 0 1 0 0 TRUE
NC_035107.1 156074431 76 1_BurkinaFaso_1_3 8.58223447190121e-15 0 0 0 1 0 0 1 0 1 1 0 2 1 0 0 0 2 1 1 1 0 0 1 1 0 1 0 1 1 2 0 1 0 1 0 0 TRUE
NC_035107.1 156130318 77 1_BurkinaFaso_1_3 8.58223447190121e-15 0 0 0 1 0 0 1 0 1 1 0 2 1 0 0 0 2 1 1 1 0 0 1 1 0 1 0 1 1 2 0 1 0 1 0 0 TRUE
NC_035107.1 156134030 78 1_BurkinaFaso_1_3 8.58223447190121e-15 0 0 0 1 0 0 1 0 1 1 0 2 1 0 0 0 2 1 1 1 0 0 1 1 0 1 0 1 1 2 0 1 0 1 0 0 TRUE
NC_035107.1 156135741 79 1_BurkinaFaso_1_3 8.58223447190121e-15 0 0 0 1 0 0 1 0 1 1 0 2 1 0 0 0 2 1 1 1 0 0 1 1 0 1 0 1 1 2 0 1 0 1 0 0 TRUE
NC_035107.1 156141162 80 1_BurkinaFaso_1_3 8.58223447190121e-15 0 0 0 1 0 0 1 0 1 1 0 2 1 0 0 0 2 1 1 1 0 0 1 1 0 1 0 1 1 2 0 1 0 1 0 0 TRUE
NC_035107.1 156141723 81 1_BurkinaFaso_1_3 8.58223447190121e-15 0 0 0 1 0 0 1 0 1 1 0 2 1 0 0 0 2 1 1 1 0 0 1 1 0 1 0 1 1 2 0 1 0 1 0 0 TRUE
NC_035107.1 156161742 82 1_BurkinaFaso_1_3 8.58223447190121e-15 0 0 0 1 0 0 1 0 1 1 0 2 1 0 0 0 2 1 1 1 0 0 1 1 0 1 0 1 1 2 0 1 0 1 0 0 TRUE
NC_035107.1 156173199 83 1_BurkinaFaso_1_3 8.58223447190121e-15 0 0 0 1 0 0 1 0 1 1 0 2 1 0 0 0 2 1 1 1 0 0 1 1 0 1 0 1 1 2 0 1 0 1 0 0 TRUE
NC_035107.1 156173304 84 1_BurkinaFaso_1_3 8.58223447190121e-15 0 0 0 1 0 0 1 0 1 1 0 2 1 0 0 0 2 1 1 1 0 0 1 1 0 1 0 1 1 2 0 1 0 1 0 0 TRUE
NC_035107.1 156173727 85 1_BurkinaFaso_1_3 8.58223447190121e-15 0 0 0 1 0 0 1 0 1 1 0 2 1 0 0 0 2 1 1 1 0 0 1 1 0 1 0 1 1 2 0 1 0 1 0 0 TRUE
NC_035107.1 156174088 86 1_BurkinaFaso_1_3 8.58223447190121e-15 0 0 0 1 0 0 1 0 1 1 0 2 1 0 0 0 2 1 1 1 0 0 1 1 0 1 0 1 1 2 0 1 0 1 0 0 TRUE
NC_035107.1 156174141 87 1_BurkinaFaso_1_3 8.58223447190121e-15 0 0 0 1 0 0 1 0 1 1 0 2 1 0 0 0 2 1 1 1 0 0 1 1 0 1 0 1 1 2 0 1 0 1 0 0 TRUE
NC_035107.1 156189916 88 1_BurkinaFaso_1_3 8.58223447190121e-15 0 0 0 1 0 0 1 0 1 1 0 2 1 0 0 0 2 1 1 1 0 0 1 1 0 1 0 1 1 2 0 1 0 1 0 0 TRUE
NC_035107.1 156192657 89 1_BurkinaFaso_1_3 8.58223447190121e-15 0 0 0 1 0 0 1 0 1 1 0 2 1 0 0 0 2 1 1 1 0 0 1 1 0 1 0 1 1 2 0 1 0 1 0 0 TRUE
NC_035107.1 156196214 90 1_BurkinaFaso_1_3 8.58223447190121e-15 0 0 0 1 0 0 1 0 1 1 0 2 1 0 0 0 2 1 1 1 0 0 1 1 0 1 0 1 1 2 0 1 0 1 0 0 TRUE
NC_035107.1 156197024 91 1_BurkinaFaso_1_3 8.58223447190121e-15 0 0 0 1 0 0 1 0 1 1 0 2 1 0 0 0 2 1 1 1 0 0 1 1 0 1 0 1 1 2 0 1 0 1 0 0 TRUE
NC_035107.1 156214319 92 1_BurkinaFaso_1_3 8.58223447190121e-15 0 0 0 1 0 0 1 0 1 1 0 2 1 0 0 0 2 1 1 1 0 0 1 1 0 1 0 1 1 2 0 1 0 1 0 0 TRUE
NC_035107.1 156214405 93 1_BurkinaFaso_1_3 8.58223447190121e-15 0 0 0 1 0 0 1 0 1 1 0 2 1 0 0 0 2 1 1 1 0 0 1 1 0 1 0 1 1 2 0 1 0 1 0 0 TRUE
NC_035107.1 156215034 94 1_BurkinaFaso_1_3 8.58223447190121e-15 0 0 0 1 0 0 1 0 1 1 0 2 1 0 0 0 2 1 1 1 0 0 1 1 0 1 0 1 1 2 0 1 0 1 0 0 TRUE
NC_035107.1 156256149 95 1_BurkinaFaso_1_3 8.58223447190121e-15 0 0 0 1 0 0 1 0 1 1 0 2 1 0 0 0 2 1 1 1 0 0 1 1 0 1 0 1 1 2 0 1 0 1 0 0 TRUE
NC_035107.1 156288417 96 1_BurkinaFaso_1_3 8.58223447190121e-15 0 0 0 1 0 0 1 0 1 1 0 2 1 0 0 0 2 1 1 1 0 0 1 1 0 1 0 1 1 2 0 1 0 1 0 0 TRUE
NC_035107.1 156308325 97 1_BurkinaFaso_1_3 8.58223447190121e-15 0 0 0 1 0 0 1 0 1 1 0 2 1 0 0 0 2 1 1 1 0 0 1 1 0 1 0 1 1 2 0 1 0 1 0 0 TRUE
NC_035107.1 156315019 98 1_BurkinaFaso_1_3 8.58223447190121e-15 0 0 0 1 0 0 1 0 1 1 0 2 1 0 0 0 2 1 1 1 0 0 1 1 0 1 0 1 1 2 0 1 0 1 0 0 TRUE
NC_035107.1 156328336 99 1_BurkinaFaso_1_3 8.58223447190121e-15 0 0 0 1 0 0 1 0 1 1 0 2 1 0 0 0 2 1 1 1 0 0 1 1 0 1 0 1 1 2 0 1 0 1 0 0 TRUE
NC_035107.1 156384445 100 1_BurkinaFaso_1_3 8.58223447190121e-15 0 0 0 1 0 0 1 0 1 1 0 2 1 0 0 0 2 1 1 1 0 0 1 1 0 1 0 1 1 2 0 1 0 1 0 0 TRUE
NC_035107.1 148953142 1 1_BurkinaFaso_2_1 8.58223447190121e-15 0 0 0 2 0 1 1 0 1 1 0 2 1 0 0 0 2 1 1 1 1 0 1 1 0 1 0 1 1 2 0 1 0 1 0 0 TRUE
NC_035107.1 148974515 2 1_BurkinaFaso_2_1 8.58223447190121e-15 0 0 0 2 0 1 1 0 1 1 0 2 1 0 0 0 2 1 1 1 1 0 1 1 0 1 0 1 1 2 0 1 0 1 0 0 TRUE
NC_035107.1 148977332 3 1_BurkinaFaso_2_1 8.58223447190121e-15 0 0 0 2 0 1 1 0 1 1 0 2 1 0 0 0 2 1 1 1 1 0 1 1 0 1 0 1 1 2 0 1 0 1 0 0 TRUE
NC_035107.1 148978522 4 1_BurkinaFaso_2_1 8.58223447190121e-15 0 0 0 2 0 1 1 0 1 1 0 2 1 0 0 0 2 1 1 1 1 0 1 1 0 1 0 1 1 2 0 1 0 1 0 0 TRUE
NC_035107.1 149072456 5 1_BurkinaFaso_2_1 8.58223447190121e-15 0 0 0 2 0 1 1 0 1 1 0 2 1 0 0 0 2 1 1 1 1 0 1 1 0 1 0 1 1 2 0 1 0 1 0 0 TRUE
NC_035107.1 149072714 6 1_BurkinaFaso_2_1 8.58223447190121e-15 0 0 0 2 0 1 1 0 1 1 0 2 1 0 0 0 2 1 1 1 1 0 1 1 0 1 0 1 1 2 0 1 0 1 0 0 TRUE
NC_035107.1 149074150 7 1_BurkinaFaso_2_1 8.58223447190121e-15 0 0 0 2 0 1 1 0 1 1 0 2 1 0 0 0 2 1 1 1 1 0 1 1 0 1 0 1 1 2 0 1 0 1 0 0 TRUE
NC_035107.1 149127007 8 1_BurkinaFaso_2_1 8.58223447190121e-15 0 0 0 2 0 1 1 0 1 1 0 2 1 0 0 0 2 1 1 1 1 0 1 1 0 1 0 1 1 2 0 1 0 1 0 0 TRUE
NC_035107.1 149154357 9 1_BurkinaFaso_2_1 8.58223447190121e-15 0 0 0 2 0 1 1 0 1 1 0 2 1 0 0 0 2 1 1 1 1 0 1 1 0 1 0 1 1 2 0 1 0 1 0 0 TRUE
NC_035107.1 149238144 10 1_BurkinaFaso_2_1 8.58223447190121e-15 0 0 0 2 0 1 1 0 1 1 0 2 1 0 0 0 2 1 1 1 1 0 1 1 0 1 0 1 1 2 0 1 0 1 0 0 TRUE
NC_035107.1 149267997 11 1_BurkinaFaso_2_1 8.58223447190121e-15 0 0 0 2 0 1 1 0 1 1 0 2 1 0 0 0 2 1 1 1 1 0 1 1 0 1 0 1 1 2 0 1 0 1 0 0 TRUE
NC_035107.1 149269005 12 1_BurkinaFaso_2_1 8.58223447190121e-15 0 0 0 2 0 1 1 0 1 1 0 2 1 0 0 0 2 1 1 1 1 0 1 1 0 1 0 1 1 2 0 1 0 1 0 0 TRUE
NC_035107.1 149285682 13 1_BurkinaFaso_2_1 8.58223447190121e-15 0 0 0 2 0 1 1 0 1 1 0 2 1 0 0 0 2 1 1 1 1 0 1 1 0 1 0 1 1 2 0 1 0 1 0 0 TRUE
NC_035107.1 149349412 14 1_BurkinaFaso_2_1 8.58223447190121e-15 0 0 0 2 0 1 1 0 1 1 0 2 1 0 0 0 2 1 1 1 1 0 1 1 0 1 0 1 1 2 0 1 0 1 0 0 TRUE
NC_035107.1 149401983 15 1_BurkinaFaso_2_1 8.58223447190121e-15 0 0 0 2 0 1 1 0 1 1 0 2 1 0 0 0 2 1 1 1 1 0 1 1 0 1 0 1 1 2 0 1 0 1 0 0 TRUE
NC_035107.1 149403160 16 1_BurkinaFaso_2_1 8.58223447190121e-15 0 0 0 2 0 1 1 0 1 1 0 2 1 0 0 0 2 1 1 1 1 0 1 1 0 1 0 1 1 2 0 1 0 1 0 0 TRUE
NC_035107.1 149403299 17 1_BurkinaFaso_2_1 8.58223447190121e-15 0 0 0 2 0 1 1 0 1 1 0 2 1 0 0 0 2 1 1 1 1 0 1 1 0 1 0 1 1 2 0 1 0 1 0 0 TRUE
NC_035107.1 149438187 18 1_BurkinaFaso_2_1 8.58223447190121e-15 0 0 0 2 0 1 1 0 1 1 0 2 1 0 0 0 2 1 1 1 1 0 1 1 0 1 0 1 1 2 0 1 0 1 0 0 TRUE
NC_035107.1 149438346 19 1_BurkinaFaso_2_1 8.58223447190121e-15 0 0 0 2 0 1 1 0 1 1 0 2 1 0 0 0 2 1 1 1 1 0 1 1 0 1 0 1 1 2 0 1 0 1 0 0 TRUE
NC_035107.1 149438896 20 1_BurkinaFaso_2_1 8.58223447190121e-15 0 0 0 2 0 1 1 0 1 1 0 2 1 0 0 0 2 1 1 1 1 0 1 1 0 1 0 1 1 2 0 1 0 1 0 0 TRUE
NC_035107.1 149450405 21 1_BurkinaFaso_2_1 8.58223447190121e-15 0 0 0 2 0 1 1 0 1 1 0 2 1 0 0 0 2 1 1 1 1 0 1 1 0 1 0 1 1 2 0 1 0 1 0 0 TRUE
NC_035107.1 149477424 22 1_BurkinaFaso_2_1 8.58223447190121e-15 0 0 0 2 0 1 1 0 1 1 0 2 1 0 0 0 2 1 1 1 1 0 1 1 0 1 0 1 1 2 0 1 0 1 0 0 TRUE
NC_035107.1 149477440 23 1_BurkinaFaso_2_1 8.58223447190121e-15 0 0 0 2 0 1 1 0 1 1 0 2 1 0 0 0 2 1 1 1 1 0 1 1 0 1 0 1 1 2 0 1 0 1 0 0 TRUE
NC_035107.1 149483617 24 1_BurkinaFaso_2_1 8.58223447190121e-15 0 0 0 2 0 1 1 0 1 1 0 2 1 0 0 0 2 1 1 1 1 0 1 1 0 1 0 1 1 2 0 1 0 1 0 0 TRUE
NC_035107.1 149488043 25 1_BurkinaFaso_2_1 8.58223447190121e-15 0 0 0 2 0 1 1 0 1 1 0 2 1 0 0 0 2 1 1 1 1 0 1 1 0 1 0 1 1 2 0 1 0 1 0 0 TRUE
NC_035107.1 149491802 26 1_BurkinaFaso_2_1 8.58223447190121e-15 0 0 0 2 0 1 1 0 1 1 0 2 1 0 0 0 2 1 1 1 1 0 1 1 0 1 0 1 1 2 0 1 0 1 0 0 TRUE
NC_035107.1 149499827 27 1_BurkinaFaso_2_1 8.58223447190121e-15 0 0 0 2 0 1 1 0 1 1 0 2 1 0 0 0 2 1 1 1 1 0 1 1 0 1 0 1 1 2 0 1 0 1 0 0 TRUE
NC_035107.1 149499859 28 1_BurkinaFaso_2_1 8.58223447190121e-15 0 0 0 2 0 1 1 0 1 1 0 2 1 0 0 0 2 1 1 1 1 0 1 1 0 1 0 1 1 2 0 1 0 1 0 0 TRUE
NC_035107.1 149510638 29 1_BurkinaFaso_2_1 8.58223447190121e-15 0 0 0 2 0 1 1 0 1 1 0 2 1 0 0 0 2 1 1 1 1 0 1 1 0 1 0 1 1 2 0 1 0 1 0 0 TRUE
NC_035107.1 149519901 30 1_BurkinaFaso_2_1 8.58223447190121e-15 0 0 0 2 0 1 1 0 1 1 0 2 1 0 0 0 2 1 1 1 1 0 1 1 0 1 0 1 1 2 0 1 0 1 0 0 TRUE
NC_035107.1 149520039 31 1_BurkinaFaso_2_1 8.58223447190121e-15 0 0 0 2 0 1 1 0 1 1 0 2 1 0 0 0 2 1 1 1 1 0 1 1 0 1 0 1 1 2 0 1 0 1 0 0 TRUE
NC_035107.1 149527256 32 1_BurkinaFaso_2_1 8.58223447190121e-15 0 0 0 2 0 1 1 0 1 1 0 2 1 0 0 0 2 1 1 1 1 0 1 1 0 1 0 1 1 2 0 1 0 1 0 0 TRUE
NC_035107.1 149536409 33 1_BurkinaFaso_2_1 8.58223447190121e-15 0 0 0 2 0 1 1 0 1 1 0 2 1 0 0 0 2 1 1 1 1 0 1 1 0 1 0 1 1 2 0 1 0 1 0 0 TRUE
NC_035107.1 149541869 34 1_BurkinaFaso_2_1 8.58223447190121e-15 0 0 0 2 0 1 1 0 1 1 0 2 1 0 0 0 2 1 1 1 1 0 1 1 0 1 0 1 1 2 0 1 0 1 0 0 TRUE
NC_035107.1 149543757 35 1_BurkinaFaso_2_1 8.58223447190121e-15 0 0 0 2 0 1 1 0 1 1 0 2 1 0 0 0 2 1 1 1 1 0 1 1 0 1 0 1 1 2 0 1 0 1 0 0 TRUE
NC_035107.1 149558687 36 1_BurkinaFaso_2_1 8.58223447190121e-15 0 0 0 2 0 1 1 0 1 1 0 2 1 0 0 0 2 1 1 1 1 0 1 1 0 1 0 1 1 2 0 1 0 1 0 0 TRUE
NC_035107.1 149558874 37 1_BurkinaFaso_2_1 8.58223447190121e-15 0 0 0 2 0 1 1 0 1 1 0 2 1 0 0 0 2 1 1 1 1 0 1 1 0 1 0 1 1 2 0 1 0 1 0 0 TRUE
NC_035107.1 149565791 38 1_BurkinaFaso_2_1 8.58223447190121e-15 0 0 0 2 0 1 1 0 1 1 0 2 1 0 0 0 2 1 1 1 1 0 1 1 0 1 0 1 1 2 0 1 0 1 0 0 TRUE
NC_035107.1 149568174 39 1_BurkinaFaso_2_1 8.58223447190121e-15 0 0 0 2 0 1 1 0 1 1 0 2 1 0 0 0 2 1 1 1 1 0 1 1 0 1 0 1 1 2 0 1 0 1 0 0 TRUE
NC_035107.1 149568578 40 1_BurkinaFaso_2_1 8.58223447190121e-15 0 0 0 2 0 1 1 0 1 1 0 2 1 0 0 0 2 1 1 1 1 0 1 1 0 1 0 1 1 2 0 1 0 1 0 0 TRUE
NC_035107.1 149574200 41 1_BurkinaFaso_2_1 8.58223447190121e-15 0 0 0 2 0 1 1 0 1 1 0 2 1 0 0 0 2 1 1 1 1 0 1 1 0 1 0 1 1 2 0 1 0 1 0 0 TRUE
NC_035107.1 149577045 42 1_BurkinaFaso_2_1 8.58223447190121e-15 0 0 0 2 0 1 1 0 1 1 0 2 1 0 0 0 2 1 1 1 1 0 1 1 0 1 0 1 1 2 0 1 0 1 0 0 TRUE
NC_035107.1 149577954 43 1_BurkinaFaso_2_1 8.58223447190121e-15 0 0 0 2 0 1 1 0 1 1 0 2 1 0 0 0 2 1 1 1 1 0 1 1 0 1 0 1 1 2 0 1 0 1 0 0 TRUE
NC_035107.1 149578648 44 1_BurkinaFaso_2_1 8.58223447190121e-15 0 0 0 2 0 1 1 0 1 1 0 2 1 0 0 0 2 1 1 1 1 0 1 1 0 1 0 1 1 2 0 1 0 1 0 0 TRUE
NC_035107.1 149583453 45 1_BurkinaFaso_2_1 8.58223447190121e-15 0 0 0 2 0 1 1 0 1 1 0 2 1 0 0 0 2 1 1 1 1 0 1 1 0 1 0 1 1 2 0 1 0 1 0 0 TRUE
NC_035107.1 149583985 46 1_BurkinaFaso_2_1 8.58223447190121e-15 0 0 0 2 0 1 1 0 1 1 0 2 1 0 0 0 2 1 1 1 1 0 1 1 0 1 0 1 1 2 0 1 0 1 0 0 TRUE
NC_035107.1 149584752 47 1_BurkinaFaso_2_1 8.58223447190121e-15 0 0 0 2 0 1 1 0 1 1 0 2 1 0 0 0 2 1 1 1 1 0 1 1 0 1 0 1 1 2 0 1 0 1 0 0 TRUE
NC_035107.1 149588821 48 1_BurkinaFaso_2_1 8.58223447190121e-15 0 0 0 2 0 1 1 0 1 1 0 2 1 0 0 0 2 1 1 1 1 0 1 1 0 1 0 1 1 2 0 1 0 1 0 0 TRUE
NC_035107.1 149593777 49 1_BurkinaFaso_2_1 8.58223447190121e-15 0 0 0 2 0 1 1 0 1 1 0 2 1 0 0 0 2 1 1 1 1 0 1 1 0 1 0 1 1 2 0 1 0 1 0 0 TRUE
NC_035107.1 149596401 50 1_BurkinaFaso_2_1 8.58223447190121e-15 0 0 0 2 0 1 1 0 1 1 0 2 1 0 0 0 2 1 1 1 1 0 1 1 0 1 0 1 1 2 0 1 0 1 0 0 TRUE
NC_035107.1 149596498 51 1_BurkinaFaso_2_1 8.58223447190121e-15 0 0 0 2 0 1 1 0 1 1 0 2 1 0 0 0 2 1 1 1 1 0 1 1 0 1 0 1 1 2 0 1 0 1 0 0 TRUE
NC_035107.1 149597998 52 1_BurkinaFaso_2_1 8.58223447190121e-15 0 0 0 2 0 1 1 0 1 1 0 2 1 0 0 0 2 1 1 1 1 0 1 1 0 1 0 1 1 2 0 1 0 1 0 0 TRUE
NC_035107.1 149599395 53 1_BurkinaFaso_2_1 8.58223447190121e-15 0 0 0 2 0 1 1 0 1 1 0 2 1 0 0 0 2 1 1 1 1 0 1 1 0 1 0 1 1 2 0 1 0 1 0 0 TRUE
NC_035107.1 149601113 54 1_BurkinaFaso_2_1 8.58223447190121e-15 0 0 0 2 0 1 1 0 1 1 0 2 1 0 0 0 2 1 1 1 1 0 1 1 0 1 0 1 1 2 0 1 0 1 0 0 TRUE
NC_035107.1 149604279 55 1_BurkinaFaso_2_1 8.58223447190121e-15 0 0 0 2 0 1 1 0 1 1 0 2 1 0 0 0 2 1 1 1 1 0 1 1 0 1 0 1 1 2 0 1 0 1 0 0 TRUE
NC_035107.1 149607780 56 1_BurkinaFaso_2_1 8.58223447190121e-15 0 0 0 2 0 1 1 0 1 1 0 2 1 0 0 0 2 1 1 1 1 0 1 1 0 1 0 1 1 2 0 1 0 1 0 0 TRUE
NC_035107.1 149618532 57 1_BurkinaFaso_2_1 8.58223447190121e-15 0 0 0 2 0 1 1 0 1 1 0 2 1 0 0 0 2 1 1 1 1 0 1 1 0 1 0 1 1 2 0 1 0 1 0 0 TRUE
NC_035107.1 149621175 58 1_BurkinaFaso_2_1 8.58223447190121e-15 0 0 0 2 0 1 1 0 1 1 0 2 1 0 0 0 2 1 1 1 1 0 1 1 0 1 0 1 1 2 0 1 0 1 0 0 TRUE
NC_035107.1 149623094 59 1_BurkinaFaso_2_1 8.58223447190121e-15 0 0 0 2 0 1 1 0 1 1 0 2 1 0 0 0 2 1 1 1 1 0 1 1 0 1 0 1 1 2 0 1 0 1 0 0 TRUE
NC_035107.1 149642493 60 1_BurkinaFaso_2_1 8.58223447190121e-15 0 0 0 2 0 1 1 0 1 1 0 2 1 0 0 0 2 1 1 1 1 0 1 1 0 1 0 1 1 2 0 1 0 1 0 0 TRUE
NC_035107.1 149642656 61 1_BurkinaFaso_2_1 8.58223447190121e-15 0 0 0 2 0 1 1 0 1 1 0 2 1 0 0 0 2 1 1 1 1 0 1 1 0 1 0 1 1 2 0 1 0 1 0 0 TRUE
NC_035107.1 149653583 62 1_BurkinaFaso_2_1 8.58223447190121e-15 0 0 0 2 0 1 1 0 1 1 0 2 1 0 0 0 2 1 1 1 1 0 1 1 0 1 0 1 1 2 0 1 0 1 0 0 TRUE
NC_035107.1 149653601 63 1_BurkinaFaso_2_1 8.58223447190121e-15 0 0 0 2 0 1 1 0 1 1 0 2 1 0 0 0 2 1 1 1 1 0 1 1 0 1 0 1 1 2 0 1 0 1 0 0 TRUE
NC_035107.1 149656529 64 1_BurkinaFaso_2_1 8.58223447190121e-15 0 0 0 2 0 1 1 0 1 1 0 2 1 0 0 0 2 1 1 1 1 0 1 1 0 1 0 1 1 2 0 1 0 1 0 0 TRUE
NC_035107.1 149662981 65 1_BurkinaFaso_2_1 8.58223447190121e-15 0 0 0 2 0 1 1 0 1 1 0 2 1 0 0 0 2 1 1 1 1 0 1 1 0 1 0 1 1 2 0 1 0 1 0 0 TRUE
NC_035107.1 149666580 66 1_BurkinaFaso_2_1 8.58223447190121e-15 0 0 0 2 0 1 1 0 1 1 0 2 1 0 0 0 2 1 1 1 1 0 1 1 0 1 0 1 1 2 0 1 0 1 0 0 TRUE
NC_035107.1 149672914 67 1_BurkinaFaso_2_1 8.58223447190121e-15 0 0 0 2 0 1 1 0 1 1 0 2 1 0 0 0 2 1 1 1 1 0 1 1 0 1 0 1 1 2 0 1 0 1 0 0 TRUE
NC_035107.1 149674569 68 1_BurkinaFaso_2_1 8.58223447190121e-15 0 0 0 2 0 1 1 0 1 1 0 2 1 0 0 0 2 1 1 1 1 0 1 1 0 1 0 1 1 2 0 1 0 1 0 0 TRUE
NC_035107.1 149686316 69 1_BurkinaFaso_2_1 8.58223447190121e-15 0 0 0 2 0 1 1 0 1 1 0 2 1 0 0 0 2 1 1 1 1 0 1 1 0 1 0 1 1 2 0 1 0 1 0 0 TRUE
NC_035107.1 149686686 70 1_BurkinaFaso_2_1 8.58223447190121e-15 0 0 0 2 0 1 1 0 1 1 0 2 1 0 0 0 2 1 1 1 1 0 1 1 0 1 0 1 1 2 0 1 0 1 0 0 TRUE
NC_035107.1 149686735 71 1_BurkinaFaso_2_1 8.58223447190121e-15 0 0 0 2 0 1 1 0 1 1 0 2 1 0 0 0 2 1 1 1 1 0 1 1 0 1 0 1 1 2 0 1 0 1 0 0 TRUE
NC_035107.1 149688043 72 1_BurkinaFaso_2_1 8.58223447190121e-15 0 0 0 2 0 1 1 0 1 1 0 2 1 0 0 0 2 1 1 1 1 0 1 1 0 1 0 1 1 2 0 1 0 1 0 0 TRUE
NC_035107.1 149787488 73 1_BurkinaFaso_2_1 8.58223447190121e-15 0 0 0 2 0 1 1 0 1 1 0 2 1 0 0 0 2 1 1 1 1 0 1 1 0 1 0 1 1 2 0 1 0 1 0 0 TRUE
NC_035107.1 149797902 74 1_BurkinaFaso_2_1 8.58223447190121e-15 0 0 0 2 0 1 1 0 1 1 0 2 1 0 0 0 2 1 1 1 1 0 1 1 0 1 0 1 1 2 0 1 0 1 0 0 TRUE
NC_035107.1 149801483 75 1_BurkinaFaso_2_1 8.58223447190121e-15 0 0 0 2 0 1 1 0 1 1 0 2 1 0 0 0 2 1 1 1 1 0 1 1 0 1 0 1 1 2 0 1 0 1 0 0 TRUE
NC_035107.1 149801971 76 1_BurkinaFaso_2_1 8.58223447190121e-15 0 0 0 2 0 1 1 0 1 1 0 2 1 0 0 0 2 1 1 1 1 0 1 1 0 1 0 1 1 2 0 1 0 1 0 0 TRUE
NC_035107.1 149808595 77 1_BurkinaFaso_2_1 8.58223447190121e-15 0 0 0 2 0 1 1 0 1 1 0 2 1 0 0 0 2 1 1 1 1 0 1 1 0 1 0 1 1 2 0 1 0 1 0 0 TRUE
NC_035107.1 149816749 78 1_BurkinaFaso_2_1 8.58223447190121e-15 0 0 0 2 0 1 1 0 1 1 0 2 1 0 0 0 2 1 1 1 1 0 1 1 0 1 0 1 1 2 0 1 0 1 0 0 TRUE
NC_035107.1 149833465 79 1_BurkinaFaso_2_1 8.58223447190121e-15 0 0 0 2 0 1 1 0 1 1 0 2 1 0 0 0 2 1 1 1 1 0 1 1 0 1 0 1 1 2 0 1 0 1 0 0 TRUE
NC_035107.1 149839586 80 1_BurkinaFaso_2_1 8.58223447190121e-15 0 0 0 2 0 1 1 0 1 1 0 2 1 0 0 0 2 1 1 1 1 0 1 1 0 1 0 1 1 2 0 1 0 1 0 0 TRUE
NC_035107.1 149840716 81 1_BurkinaFaso_2_1 8.58223447190121e-15 0 0 0 2 0 1 1 0 1 1 0 2 1 0 0 0 2 1 1 1 1 0 1 1 0 1 0 1 1 2 0 1 0 1 0 0 TRUE
NC_035107.1 149840718 82 1_BurkinaFaso_2_1 8.58223447190121e-15 0 0 0 2 0 1 1 0 1 1 0 2 1 0 0 0 2 1 1 1 1 0 1 1 0 1 0 1 1 2 0 1 0 1 0 0 TRUE
NC_035107.1 149854202 83 1_BurkinaFaso_2_1 8.58223447190121e-15 0 0 0 2 0 1 1 0 1 1 0 2 1 0 0 0 2 1 1 1 1 0 1 1 0 1 0 1 1 2 0 1 0 1 0 0 TRUE
NC_035107.1 149860257 84 1_BurkinaFaso_2_1 8.58223447190121e-15 0 0 0 2 0 1 1 0 1 1 0 2 1 0 0 0 2 1 1 1 1 0 1 1 0 1 0 1 1 2 0 1 0 1 0 0 TRUE
NC_035107.1 149912257 85 1_BurkinaFaso_2_1 8.58223447190121e-15 0 0 0 2 0 1 1 0 1 1 0 2 1 0 0 0 2 1 1 1 1 0 1 1 0 1 0 1 1 2 0 1 0 1 0 0 TRUE
NC_035107.1 149938047 86 1_BurkinaFaso_2_1 8.58223447190121e-15 0 0 0 2 0 1 1 0 1 1 0 2 1 0 0 0 2 1 1 1 1 0 1 1 0 1 0 1 1 2 0 1 0 1 0 0 TRUE
NC_035107.1 149977859 87 1_BurkinaFaso_2_1 8.58223447190121e-15 0 0 0 2 0 1 1 0 1 1 0 2 1 0 0 0 2 1 1 1 1 0 1 1 0 1 0 1 1 2 0 1 0 1 0 0 TRUE
NC_035107.1 149985961 88 1_BurkinaFaso_2_1 8.58223447190121e-15 0 0 0 2 0 1 1 0 1 1 0 2 1 0 0 0 2 1 1 1 1 0 1 1 0 1 0 1 1 2 0 1 0 1 0 0 TRUE
NC_035107.1 149995265 89 1_BurkinaFaso_2_1 8.58223447190121e-15 0 0 0 2 0 1 1 0 1 1 0 2 1 0 0 0 2 1 1 1 1 0 1 1 0 1 0 1 1 2 0 1 0 1 0 0 TRUE
NC_035107.1 149995542 90 1_BurkinaFaso_2_1 8.58223447190121e-15 0 0 0 2 0 1 1 0 1 1 0 2 1 0 0 0 2 1 1 1 1 0 1 1 0 1 0 1 1 2 0 1 0 1 0 0 TRUE
NC_035107.1 150001055 91 1_BurkinaFaso_2_1 8.58223447190121e-15 0 0 0 2 0 1 1 0 1 1 0 2 1 0 0 0 2 1 1 1 1 0 1 1 0 1 0 1 1 2 0 1 0 1 0 0 TRUE
NC_035107.1 150051044 92 1_BurkinaFaso_2_1 8.58223447190121e-15 0 0 0 2 0 1 1 0 1 1 0 2 1 0 0 0 2 1 1 1 1 0 1 1 0 1 0 1 1 2 0 1 0 1 0 0 TRUE
NC_035107.1 150064645 93 1_BurkinaFaso_2_1 8.58223447190121e-15 0 0 0 2 0 1 1 0 1 1 0 2 1 0 0 0 2 1 1 1 1 0 1 1 0 1 0 1 1 2 0 1 0 1 0 0 TRUE
NC_035107.1 150069960 94 1_BurkinaFaso_2_1 8.58223447190121e-15 0 0 0 2 0 1 1 0 1 1 0 2 1 0 0 0 2 1 1 1 1 0 1 1 0 1 0 1 1 2 0 1 0 1 0 0 TRUE
NC_035107.1 150081270 95 1_BurkinaFaso_2_1 8.58223447190121e-15 0 0 0 2 0 1 1 0 1 1 0 2 1 0 0 0 2 1 1 1 1 0 1 1 0 1 0 1 1 2 0 1 0 1 0 0 TRUE
NC_035107.1 150139465 96 1_BurkinaFaso_2_1 8.58223447190121e-15 0 0 0 2 0 1 1 0 1 1 0 2 1 0 0 0 2 1 1 1 1 0 1 1 0 1 0 1 1 2 0 1 0 1 0 0 TRUE
NC_035107.1 150140195 97 1_BurkinaFaso_2_1 8.58223447190121e-15 0 0 0 2 0 1 1 0 1 1 0 2 1 0 0 0 2 1 1 1 1 0 1 1 0 1 0 1 1 2 0 1 0 1 0 0 TRUE
NC_035107.1 150220778 98 1_BurkinaFaso_2_1 8.58223447190121e-15 0 0 0 2 0 1 1 0 1 1 0 2 1 0 0 0 2 1 1 1 1 0 1 1 0 1 0 1 1 2 0 1 0 1 0 0 TRUE
NC_035107.1 150221178 99 1_BurkinaFaso_2_1 8.58223447190121e-15 0 0 0 2 0 1 1 0 1 1 0 2 1 0 0 0 2 1 1 1 1 0 1 1 0 1 0 1 1 2 0 1 0 1 0 0 TRUE
NC_035107.1 150299910 100 1_BurkinaFaso_2_1 8.58223447190121e-15 0 0 0 2 0 1 1 0 1 1 0 2 1 0 0 0 2 1 1 1 1 0 1 1 0 1 0 1 1 2 0 1 0 1 0 0 TRUE
