chrom pos i inv assoc Debug023_aegypti_Bantata_Senegal_F_1 Debug023_aegypti_Bantata_Senegal_F_11 Debug023_aegypti_Bantata_Senegal_F_2 Debug023_aegypti_Bantata_Senegal_F_3 Debug023_aegypti_Bantata_Senegal_F_4 Debug023_aegypti_Bantata_Senegal_F_5 Debug023_aegypti_Bantata_Senegal_M_10 Debug023_aegypti_Bantata_Senegal_M_6 Debug023_aegypti_Bantata_Senegal_M_7 Debug023_aegypti_Bantata_Senegal_M_8 Debug023_aegypti_Bantata_Senegal_M_9 Debug023_aegypti_Thies_Senegal_F_1 Debug023_aegypti_Thies_Senegal_M_2 Debug023_aegypti_Thies_Senegal_M_3 Debug023_aegypti_Thies_Senegal_M_4 Debug023_aegypti_Thies_Senegal_M_5 Debug024_aegypti_Kedougou_Senegal_F_1 Debug024_aegypti_Kedougou_Senegal_F_12 Debug024_aegypti_Kedougou_Senegal_F_15 Debug024_aegypti_Kedougou_Senegal_F_18 Debug024_aegypti_Kedougou_Senegal_F_19 Debug024_aegypti_Kedougou_Senegal_F_3 Debug024_aegypti_Kedougou_Senegal_F_5 Debug024_aegypti_Kedougou_Senegal_F_7 Debug024_aegypti_Kedougou_Senegal_F_8 Debug024_aegypti_Kedougou_Senegal_M_10 Debug024_aegypti_Kedougou_Senegal_M_11 Debug024_aegypti_Kedougou_Senegal_M_14 Debug024_aegypti_Kedougou_Senegal_M_16 Debug024_aegypti_Kedougou_Senegal_M_17 Debug024_aegypti_Kedougou_Senegal_M_2 Debug024_aegypti_Kedougou_Senegal_M_20 Debug024_aegypti_Kedougou_Senegal_M_4 Debug024_aegypti_Kedougou_Senegal_M_6 Debug024_aegypti_Kedougou_Senegal_M_9 Debug024_aegypti_Mindin_Senegal_F_10 Debug024_aegypti_Mindin_Senegal_F_12 Debug024_aegypti_Mindin_Senegal_F_14 Debug024_aegypti_Mindin_Senegal_F_15 Debug024_aegypti_Mindin_Senegal_F_17 Debug024_aegypti_Mindin_Senegal_F_19 Debug024_aegypti_Mindin_Senegal_F_2 Debug024_aegypti_Mindin_Senegal_F_3 Debug024_aegypti_Mindin_Senegal_F_6 Debug024_aegypti_Mindin_Senegal_F_8 Debug024_aegypti_Mindin_Senegal_M_1 Debug024_aegypti_Mindin_Senegal_M_11 Debug024_aegypti_Mindin_Senegal_M_13 Debug024_aegypti_Mindin_Senegal_M_16 Debug024_aegypti_Mindin_Senegal_M_18 Debug024_aegypti_Mindin_Senegal_M_20 Debug024_aegypti_Mindin_Senegal_M_4 Debug024_aegypti_Mindin_Senegal_M_5 Debug024_aegypti_Mindin_Senegal_M_7 Debug024_aegypti_Mindin_Senegal_M_9 Debug024_aegypti_Ngoye_Senegal_F_1 Debug024_aegypti_Ngoye_Senegal_F_10 Debug024_aegypti_Ngoye_Senegal_F_11 Debug024_aegypti_Ngoye_Senegal_F_12 Debug024_aegypti_Ngoye_Senegal_F_16 Debug024_aegypti_Ngoye_Senegal_F_19 Debug024_aegypti_Ngoye_Senegal_F_20 Debug024_aegypti_Ngoye_Senegal_F_3 Debug024_aegypti_Ngoye_Senegal_F_7 Debug024_aegypti_Ngoye_Senegal_F_8 Debug024_aegypti_Ngoye_Senegal_M_13 Debug024_aegypti_Ngoye_Senegal_M_14 Debug024_aegypti_Ngoye_Senegal_M_15 Debug024_aegypti_Ngoye_Senegal_M_18 Debug024_aegypti_Ngoye_Senegal_M_2 Debug024_aegypti_Ngoye_Senegal_M_4 Debug024_aegypti_Ngoye_Senegal_M_5 Debug024_aegypti_Ngoye_Senegal_M_6 Debug024_aegypti_Ngoye_Senegal_M_9 Debug024_aegypti_PK10_Senegal_F_1 Debug024_aegypti_PK10_Senegal_F_10 Debug024_aegypti_PK10_Senegal_F_12 Debug024_aegypti_PK10_Senegal_F_14 Debug024_aegypti_PK10_Senegal_F_15 Debug024_aegypti_PK10_Senegal_F_17 Debug024_aegypti_PK10_Senegal_F_19 Debug024_aegypti_PK10_Senegal_F_3 Debug024_aegypti_PK10_Senegal_F_5 Debug024_aegypti_PK10_Senegal_F_8 Debug024_aegypti_PK10_Senegal_M_11 Debug024_aegypti_PK10_Senegal_M_13 Debug024_aegypti_PK10_Senegal_M_16 Debug024_aegypti_PK10_Senegal_M_18 Debug024_aegypti_PK10_Senegal_M_20 Debug024_aegypti_PK10_Senegal_M_4 Debug024_aegypti_PK10_Senegal_M_7 Debug024_aegypti_PK10_Senegal_M_9 Debug024_aegypti_Thies_Senegal_F_12 Debug024_aegypti_Thies_Senegal_F_13 Debug024_aegypti_Thies_Senegal_F_17 Debug024_aegypti_Thies_Senegal_M_14 Debug024_aegypti_Thies_Senegal_M_15 Debug024_aegypti_Thies_Senegal_M_16 Debug024_aegypti_Thies_Senegal_M_18 Debug024_aegypti_Thies_Senegal_M_19 Debug024_aegypti_Thies_Senegal_M_20 include
NC_035107.1 266006788 1 1_Senegal_1_2 1.39591026059732e-42 1 0 1 0 1 0 0 0 0 0 0 0 0 0 0 0 1 1 0 0 0 1 0 0 1 0 1 1 1 1 0 0 1 1 2 1 0 1 2 2 2 0 1 2 2 2 1 2 1 1 1 2 2 1 1 0 0 0 0 1 0 0 0 0 1 0 0 0 0 0 0 0 0 0 1 0 1 1 2 0 0 1 1 0 1 1 0 0 1 1 0 1 0 0 0 0 0 0 0 0 0 TRUE
NC_035107.1 266009259 2 1_Senegal_1_2 1.39591026059732e-42 1 0 1 0 1 0 0 0 0 0 0 0 0 0 0 0 1 1 0 0 0 1 0 0 1 0 1 1 1 1 0 0 1 1 2 1 0 1 2 2 2 0 1 2 2 2 1 2 1 1 1 2 2 1 1 0 0 0 0 1 0 0 0 0 1 0 0 0 0 0 0 0 0 0 1 0 1 1 2 0 0 1 1 0 1 1 0 0 1 1 0 1 0 0 0 0 0 0 0 0 0 TRUE
NC_035107.1 266159421 3 1_Senegal_1_2 1.39591026059732e-42 1 0 1 0 1 0 0 0 0 0 0 0 0 0 0 0 1 1 0 0 0 1 0 0 1 0 1 1 1 1 0 0 1 1 2 1 0 1 2 2 2 0 1 2 2 2 1 2 1 1 1 2 2 1 1 0 0 0 0 1 0 0 0 0 1 0 0 0 0 0 0 0 0 0 1 0 1 1 2 0 0 1 1 0 1 1 0 0 1 1 0 1 0 0 0 0 0 0 0 0 0 TRUE
NC_035107.1 267563294 4 1_Senegal_1_2 1.39591026059732e-42 1 0 1 0 1 0 0 0 0 0 0 0 0 0 0 0 1 1 0 0 0 1 0 0 1 0 1 1 1 1 0 0 1 1 2 1 0 1 2 2 2 0 1 2 2 2 1 2 1 1 1 2 2 1 1 0 0 0 0 1 0 0 0 0 1 0 0 0 0 0 0 0 0 0 1 0 1 1 2 0 0 1 1 0 1 1 0 0 1 1 0 1 0 0 0 0 0 0 0 0 0 TRUE
NC_035107.1 267853801 5 1_Senegal_1_2 1.39591026059732e-42 1 0 1 0 1 0 0 0 0 0 0 0 0 0 0 0 1 1 0 0 0 1 0 0 1 0 1 1 1 1 0 0 1 1 2 1 0 1 2 2 2 0 1 2 2 2 1 2 1 1 1 2 2 1 1 0 0 0 0 1 0 0 0 0 1 0 0 0 0 0 0 0 0 0 1 0 1 1 2 0 0 1 1 0 1 1 0 0 1 1 0 1 0 0 0 0 0 0 0 0 0 TRUE
NC_035107.1 269597176 6 1_Senegal_1_2 1.39591026059732e-42 1 0 1 0 1 0 0 0 0 0 0 0 0 0 0 0 1 1 0 0 0 1 0 0 1 0 1 1 1 1 0 0 1 1 2 1 0 1 2 2 2 0 1 2 2 2 1 2 1 1 1 2 2 1 1 0 0 0 0 1 0 0 0 0 1 0 0 0 0 0 0 0 0 0 1 0 1 1 2 0 0 1 1 0 1 1 0 0 1 1 0 1 0 0 0 0 0 0 0 0 0 TRUE
NC_035107.1 270289299 7 1_Senegal_1_2 1.39591026059732e-42 1 0 1 0 1 0 0 0 0 0 0 0 0 0 0 0 1 1 0 0 0 1 0 0 1 0 1 1 1 1 0 0 1 1 2 1 0 1 2 2 2 0 1 2 2 2 1 2 1 1 1 2 2 1 1 0 0 0 0 1 0 0 0 0 1 0 0 0 0 0 0 0 0 0 1 0 1 1 2 0 0 1 1 0 1 1 0 0 1 1 0 1 0 0 0 0 0 0 0 0 0 TRUE
NC_035107.1 270299316 8 1_Senegal_1_2 1.39591026059732e-42 1 0 1 0 1 0 0 0 0 0 0 0 0 0 0 0 1 1 0 0 0 1 0 0 1 0 1 1 1 1 0 0 1 1 2 1 0 1 2 2 2 0 1 2 2 2 1 2 1 1 1 2 2 1 1 0 0 0 0 1 0 0 0 0 1 0 0 0 0 0 0 0 0 0 1 0 1 1 2 0 0 1 1 0 1 1 0 0 1 1 0 1 0 0 0 0 0 0 0 0 0 TRUE
NC_035107.1 270369312 9 1_Senegal_1_2 1.39591026059732e-42 1 0 1 0 1 0 0 0 0 0 0 0 0 0 0 0 1 1 0 0 0 1 0 0 1 0 1 1 1 1 0 0 1 1 2 1 0 1 2 2 2 0 1 2 2 2 1 2 1 1 1 2 2 1 1 0 0 0 0 1 0 0 0 0 1 0 0 0 0 0 0 0 0 0 1 0 1 1 2 0 0 1 1 0 1 1 0 0 1 1 0 1 0 0 0 0 0 0 0 0 0 TRUE
NC_035107.1 270477532 10 1_Senegal_1_2 1.39591026059732e-42 1 0 1 0 1 0 0 0 0 0 0 0 0 0 0 0 1 1 0 0 0 1 0 0 1 0 1 1 1 1 0 0 1 1 2 1 0 1 2 2 2 0 1 2 2 2 1 2 1 1 1 2 2 1 1 0 0 0 0 1 0 0 0 0 1 0 0 0 0 0 0 0 0 0 1 0 1 1 2 0 0 1 1 0 1 1 0 0 1 1 0 1 0 0 0 0 0 0 0 0 0 TRUE
NC_035107.1 270477608 11 1_Senegal_1_2 1.39591026059732e-42 1 0 1 0 1 0 0 0 0 0 0 0 0 0 0 0 1 1 0 0 0 1 0 0 1 0 1 1 1 1 0 0 1 1 2 1 0 1 2 2 2 0 1 2 2 2 1 2 1 1 1 2 2 1 1 0 0 0 0 1 0 0 0 0 1 0 0 0 0 0 0 0 0 0 1 0 1 1 2 0 0 1 1 0 1 1 0 0 1 1 0 1 0 0 0 0 0 0 0 0 0 TRUE
NC_035107.1 270732489 12 1_Senegal_1_2 1.39591026059732e-42 1 0 1 0 1 0 0 0 0 0 0 0 0 0 0 0 1 1 0 0 0 1 0 0 1 0 1 1 1 1 0 0 1 1 2 1 0 1 2 2 2 0 1 2 2 2 1 2 1 1 1 2 2 1 1 0 0 0 0 1 0 0 0 0 1 0 0 0 0 0 0 0 0 0 1 0 1 1 2 0 0 1 1 0 1 1 0 0 1 1 0 1 0 0 0 0 0 0 0 0 0 TRUE
NC_035107.1 271045903 13 1_Senegal_1_2 1.39591026059732e-42 1 0 1 0 1 0 0 0 0 0 0 0 0 0 0 0 1 1 0 0 0 1 0 0 1 0 1 1 1 1 0 0 1 1 2 1 0 1 2 2 2 0 1 2 2 2 1 2 1 1 1 2 2 1 1 0 0 0 0 1 0 0 0 0 1 0 0 0 0 0 0 0 0 0 1 0 1 1 2 0 0 1 1 0 1 1 0 0 1 1 0 1 0 0 0 0 0 0 0 0 0 TRUE
NC_035107.1 271141984 14 1_Senegal_1_2 1.39591026059732e-42 1 0 1 0 1 0 0 0 0 0 0 0 0 0 0 0 1 1 0 0 0 1 0 0 1 0 1 1 1 1 0 0 1 1 2 1 0 1 2 2 2 0 1 2 2 2 1 2 1 1 1 2 2 1 1 0 0 0 0 1 0 0 0 0 1 0 0 0 0 0 0 0 0 0 1 0 1 1 2 0 0 1 1 0 1 1 0 0 1 1 0 1 0 0 0 0 0 0 0 0 0 TRUE
NC_035107.1 271640148 15 1_Senegal_1_2 1.39591026059732e-42 1 0 1 0 1 0 0 0 0 0 0 0 0 0 0 0 1 1 0 0 0 1 0 0 1 0 1 1 1 1 0 0 1 1 2 1 0 1 2 2 2 0 1 2 2 2 1 2 1 1 1 2 2 1 1 0 0 0 0 1 0 0 0 0 1 0 0 0 0 0 0 0 0 0 1 0 1 1 2 0 0 1 1 0 1 1 0 0 1 1 0 1 0 0 0 0 0 0 0 0 0 TRUE
NC_035107.1 271640424 16 1_Senegal_1_2 1.39591026059732e-42 1 0 1 0 1 0 0 0 0 0 0 0 0 0 0 0 1 1 0 0 0 1 0 0 1 0 1 1 1 1 0 0 1 1 2 1 0 1 2 2 2 0 1 2 2 2 1 2 1 1 1 2 2 1 1 0 0 0 0 1 0 0 0 0 1 0 0 0 0 0 0 0 0 0 1 0 1 1 2 0 0 1 1 0 1 1 0 0 1 1 0 1 0 0 0 0 0 0 0 0 0 TRUE
NC_035107.1 271999351 17 1_Senegal_1_2 1.39591026059732e-42 1 0 1 0 1 0 0 0 0 0 0 0 0 0 0 0 1 1 0 0 0 1 0 0 1 0 1 1 1 1 0 0 1 1 2 1 0 1 2 2 2 0 1 2 2 2 1 2 1 1 1 2 2 1 1 0 0 0 0 1 0 0 0 0 1 0 0 0 0 0 0 0 0 0 1 0 1 1 2 0 0 1 1 0 1 1 0 0 1 1 0 1 0 0 0 0 0 0 0 0 0 TRUE
NC_035107.1 272212872 18 1_Senegal_1_2 1.39591026059732e-42 1 0 1 0 1 0 0 0 0 0 0 0 0 0 0 0 1 1 0 0 0 1 0 0 1 0 1 1 1 1 0 0 1 1 2 1 0 1 2 2 2 0 1 2 2 2 1 2 1 1 1 2 2 1 1 0 0 0 0 1 0 0 0 0 1 0 0 0 0 0 0 0 0 0 1 0 1 1 2 0 0 1 1 0 1 1 0 0 1 1 0 1 0 0 0 0 0 0 0 0 0 TRUE
NC_035107.1 272470805 19 1_Senegal_1_2 1.39591026059732e-42 1 0 1 0 1 0 0 0 0 0 0 0 0 0 0 0 1 1 0 0 0 1 0 0 1 0 1 1 1 1 0 0 1 1 2 1 0 1 2 2 2 0 1 2 2 2 1 2 1 1 1 2 2 1 1 0 0 0 0 1 0 0 0 0 1 0 0 0 0 0 0 0 0 0 1 0 1 1 2 0 0 1 1 0 1 1 0 0 1 1 0 1 0 0 0 0 0 0 0 0 0 TRUE
NC_035107.1 274039122 20 1_Senegal_1_2 1.39591026059732e-42 1 0 1 0 1 0 0 0 0 0 0 0 0 0 0 0 1 1 0 0 0 1 0 0 1 0 1 1 1 1 0 0 1 1 2 1 0 1 2 2 2 0 1 2 2 2 1 2 1 1 1 2 2 1 1 0 0 0 0 1 0 0 0 0 1 0 0 0 0 0 0 0 0 0 1 0 1 1 2 0 0 1 1 0 1 1 0 0 1 1 0 1 0 0 0 0 0 0 0 0 0 TRUE
NC_035107.1 274558490 21 1_Senegal_1_2 1.39591026059732e-42 1 0 1 0 1 0 0 0 0 0 0 0 0 0 0 0 1 1 0 0 0 1 0 0 1 0 1 1 1 1 0 0 1 1 2 1 0 1 2 2 2 0 1 2 2 2 1 2 1 1 1 2 2 1 1 0 0 0 0 1 0 0 0 0 1 0 0 0 0 0 0 0 0 0 1 0 1 1 2 0 0 1 1 0 1 1 0 0 1 1 0 1 0 0 0 0 0 0 0 0 0 TRUE
NC_035107.1 274636104 22 1_Senegal_1_2 1.39591026059732e-42 1 0 1 0 1 0 0 0 0 0 0 0 0 0 0 0 1 1 0 0 0 1 0 0 1 0 1 1 1 1 0 0 1 1 2 1 0 1 2 2 2 0 1 2 2 2 1 2 1 1 1 2 2 1 1 0 0 0 0 1 0 0 0 0 1 0 0 0 0 0 0 0 0 0 1 0 1 1 2 0 0 1 1 0 1 1 0 0 1 1 0 1 0 0 0 0 0 0 0 0 0 TRUE
NC_035107.1 275415588 23 1_Senegal_1_2 1.39591026059732e-42 1 0 1 0 1 0 0 0 0 0 0 0 0 0 0 0 1 1 0 0 0 1 0 0 1 0 1 1 1 1 0 0 1 1 2 1 0 1 2 2 2 0 1 2 2 2 1 2 1 1 1 2 2 1 1 0 0 0 0 1 0 0 0 0 1 0 0 0 0 0 0 0 0 0 1 0 1 1 2 0 0 1 1 0 1 1 0 0 1 1 0 1 0 0 0 0 0 0 0 0 0 TRUE
NC_035107.1 276084566 24 1_Senegal_1_2 1.39591026059732e-42 1 0 1 0 1 0 0 0 0 0 0 0 0 0 0 0 1 1 0 0 0 1 0 0 1 0 1 1 1 1 0 0 1 1 2 1 0 1 2 2 2 0 1 2 2 2 1 2 1 1 1 2 2 1 1 0 0 0 0 1 0 0 0 0 1 0 0 0 0 0 0 0 0 0 1 0 1 1 2 0 0 1 1 0 1 1 0 0 1 1 0 1 0 0 0 0 0 0 0 0 0 TRUE
NC_035107.1 276099827 25 1_Senegal_1_2 1.39591026059732e-42 1 0 1 0 1 0 0 0 0 0 0 0 0 0 0 0 1 1 0 0 0 1 0 0 1 0 1 1 1 1 0 0 1 1 2 1 0 1 2 2 2 0 1 2 2 2 1 2 1 1 1 2 2 1 1 0 0 0 0 1 0 0 0 0 1 0 0 0 0 0 0 0 0 0 1 0 1 1 2 0 0 1 1 0 1 1 0 0 1 1 0 1 0 0 0 0 0 0 0 0 0 TRUE
NC_035107.1 276139902 26 1_Senegal_1_2 1.39591026059732e-42 1 0 1 0 1 0 0 0 0 0 0 0 0 0 0 0 1 1 0 0 0 1 0 0 1 0 1 1 1 1 0 0 1 1 2 1 0 1 2 2 2 0 1 2 2 2 1 2 1 1 1 2 2 1 1 0 0 0 0 1 0 0 0 0 1 0 0 0 0 0 0 0 0 0 1 0 1 1 2 0 0 1 1 0 1 1 0 0 1 1 0 1 0 0 0 0 0 0 0 0 0 TRUE
NC_035107.1 276433901 27 1_Senegal_1_2 1.39591026059732e-42 1 0 1 0 1 0 0 0 0 0 0 0 0 0 0 0 1 1 0 0 0 1 0 0 1 0 1 1 1 1 0 0 1 1 2 1 0 1 2 2 2 0 1 2 2 2 1 2 1 1 1 2 2 1 1 0 0 0 0 1 0 0 0 0 1 0 0 0 0 0 0 0 0 0 1 0 1 1 2 0 0 1 1 0 1 1 0 0 1 1 0 1 0 0 0 0 0 0 0 0 0 TRUE
NC_035107.1 277464524 28 1_Senegal_1_2 1.39591026059732e-42 1 0 1 0 1 0 0 0 0 0 0 0 0 0 0 0 1 1 0 0 0 1 0 0 1 0 1 1 1 1 0 0 1 1 2 1 0 1 2 2 2 0 1 2 2 2 1 2 1 1 1 2 2 1 1 0 0 0 0 1 0 0 0 0 1 0 0 0 0 0 0 0 0 0 1 0 1 1 2 0 0 1 1 0 1 1 0 0 1 1 0 1 0 0 0 0 0 0 0 0 0 TRUE
NC_035107.1 277532178 29 1_Senegal_1_2 1.39591026059732e-42 1 0 1 0 1 0 0 0 0 0 0 0 0 0 0 0 1 1 0 0 0 1 0 0 1 0 1 1 1 1 0 0 1 1 2 1 0 1 2 2 2 0 1 2 2 2 1 2 1 1 1 2 2 1 1 0 0 0 0 1 0 0 0 0 1 0 0 0 0 0 0 0 0 0 1 0 1 1 2 0 0 1 1 0 1 1 0 0 1 1 0 1 0 0 0 0 0 0 0 0 0 TRUE
NC_035107.1 278155844 30 1_Senegal_1_2 1.39591026059732e-42 1 0 1 0 1 0 0 0 0 0 0 0 0 0 0 0 1 1 0 0 0 1 0 0 1 0 1 1 1 1 0 0 1 1 2 1 0 1 2 2 2 0 1 2 2 2 1 2 1 1 1 2 2 1 1 0 0 0 0 1 0 0 0 0 1 0 0 0 0 0 0 0 0 0 1 0 1 1 2 0 0 1 1 0 1 1 0 0 1 1 0 1 0 0 0 0 0 0 0 0 0 TRUE
NC_035107.1 278934813 31 1_Senegal_1_2 1.39591026059732e-42 1 0 1 0 1 0 0 0 0 0 0 0 0 0 0 0 1 1 0 0 0 1 0 0 1 0 1 1 1 1 0 0 1 1 2 1 0 1 2 2 2 0 1 2 2 2 1 2 1 1 1 2 2 1 1 0 0 0 0 1 0 0 0 0 1 0 0 0 0 0 0 0 0 0 1 0 1 1 2 0 0 1 1 0 1 1 0 0 1 1 0 1 0 0 0 0 0 0 0 0 0 TRUE
NC_035107.1 279500178 32 1_Senegal_1_2 1.39591026059732e-42 1 0 1 0 1 0 0 0 0 0 0 0 0 0 0 0 1 1 0 0 0 1 0 0 1 0 1 1 1 1 0 0 1 1 2 1 0 1 2 2 2 0 1 2 2 2 1 2 1 1 1 2 2 1 1 0 0 0 0 1 0 0 0 0 1 0 0 0 0 0 0 0 0 0 1 0 1 1 2 0 0 1 1 0 1 1 0 0 1 1 0 1 0 0 0 0 0 0 0 0 0 TRUE
NC_035107.1 280055167 33 1_Senegal_1_2 1.39591026059732e-42 1 0 1 0 1 0 0 0 0 0 0 0 0 0 0 0 1 1 0 0 0 1 0 0 1 0 1 1 1 1 0 0 1 1 2 1 0 1 2 2 2 0 1 2 2 2 1 2 1 1 1 2 2 1 1 0 0 0 0 1 0 0 0 0 1 0 0 0 0 0 0 0 0 0 1 0 1 1 2 0 0 1 1 0 1 1 0 0 1 1 0 1 0 0 0 0 0 0 0 0 0 TRUE
NC_035107.1 280175912 34 1_Senegal_1_2 1.39591026059732e-42 1 0 1 0 1 0 0 0 0 0 0 0 0 0 0 0 1 1 0 0 0 1 0 0 1 0 1 1 1 1 0 0 1 1 2 1 0 1 2 2 2 0 1 2 2 2 1 2 1 1 1 2 2 1 1 0 0 0 0 1 0 0 0 0 1 0 0 0 0 0 0 0 0 0 1 0 1 1 2 0 0 1 1 0 1 1 0 0 1 1 0 1 0 0 0 0 0 0 0 0 0 TRUE
NC_035107.1 280344010 35 1_Senegal_1_2 1.39591026059732e-42 1 0 1 0 1 0 0 0 0 0 0 0 0 0 0 0 1 1 0 0 0 1 0 0 1 0 1 1 1 1 0 0 1 1 2 1 0 1 2 2 2 0 1 2 2 2 1 2 1 1 1 2 2 1 1 0 0 0 0 1 0 0 0 0 1 0 0 0 0 0 0 0 0 0 1 0 1 1 2 0 0 1 1 0 1 1 0 0 1 1 0 1 0 0 0 0 0 0 0 0 0 TRUE
NC_035107.1 280671077 36 1_Senegal_1_2 1.39591026059732e-42 1 0 1 0 1 0 0 0 0 0 0 0 0 0 0 0 1 1 0 0 0 1 0 0 1 0 1 1 1 1 0 0 1 1 2 1 0 1 2 2 2 0 1 2 2 2 1 2 1 1 1 2 2 1 1 0 0 0 0 1 0 0 0 0 1 0 0 0 0 0 0 0 0 0 1 0 1 1 2 0 0 1 1 0 1 1 0 0 1 1 0 1 0 0 0 0 0 0 0 0 0 TRUE
NC_035107.1 280933875 37 1_Senegal_1_2 1.39591026059732e-42 1 0 1 0 1 0 0 0 0 0 0 0 0 0 0 0 1 1 0 0 0 1 0 0 1 0 1 1 1 1 0 0 1 1 2 1 0 1 2 2 2 0 1 2 2 2 1 2 1 1 1 2 2 1 1 0 0 0 0 1 0 0 0 0 1 0 0 0 0 0 0 0 0 0 1 0 1 1 2 0 0 1 1 0 1 1 0 0 1 1 0 1 0 0 0 0 0 0 0 0 0 TRUE
NC_035107.1 281254336 38 1_Senegal_1_2 1.39591026059732e-42 1 0 1 0 1 0 0 0 0 0 0 0 0 0 0 0 1 1 0 0 0 1 0 0 1 0 1 1 1 1 0 0 1 1 2 1 0 1 2 2 2 0 1 2 2 2 1 2 1 1 1 2 2 1 1 0 0 0 0 1 0 0 0 0 1 0 0 0 0 0 0 0 0 0 1 0 1 1 2 0 0 1 1 0 1 1 0 0 1 1 0 1 0 0 0 0 0 0 0 0 0 TRUE
NC_035107.1 281275504 39 1_Senegal_1_2 1.39591026059732e-42 1 0 1 0 1 0 0 0 0 0 0 0 0 0 0 0 1 1 0 0 0 1 0 0 1 0 1 1 1 1 0 0 1 1 2 1 0 1 2 2 2 0 1 2 2 2 1 2 1 1 1 2 2 1 1 0 0 0 0 1 0 0 0 0 1 0 0 0 0 0 0 0 0 0 1 0 1 1 2 0 0 1 1 0 1 1 0 0 1 1 0 1 0 0 0 0 0 0 0 0 0 TRUE
NC_035107.1 281739385 40 1_Senegal_1_2 1.39591026059732e-42 1 0 1 0 1 0 0 0 0 0 0 0 0 0 0 0 1 1 0 0 0 1 0 0 1 0 1 1 1 1 0 0 1 1 2 1 0 1 2 2 2 0 1 2 2 2 1 2 1 1 1 2 2 1 1 0 0 0 0 1 0 0 0 0 1 0 0 0 0 0 0 0 0 0 1 0 1 1 2 0 0 1 1 0 1 1 0 0 1 1 0 1 0 0 0 0 0 0 0 0 0 TRUE
NC_035107.1 282087410 41 1_Senegal_1_2 1.39591026059732e-42 1 0 1 0 1 0 0 0 0 0 0 0 0 0 0 0 1 1 0 0 0 1 0 0 1 0 1 1 1 1 0 0 1 1 2 1 0 1 2 2 2 0 1 2 2 2 1 2 1 1 1 2 2 1 1 0 0 0 0 1 0 0 0 0 1 0 0 0 0 0 0 0 0 0 1 0 1 1 2 0 0 1 1 0 1 1 0 0 1 1 0 1 0 0 0 0 0 0 0 0 0 TRUE
NC_035107.1 282324156 42 1_Senegal_1_2 1.39591026059732e-42 1 0 1 0 1 0 0 0 0 0 0 0 0 0 0 0 1 1 0 0 0 1 0 0 1 0 1 1 1 1 0 0 1 1 2 1 0 1 2 2 2 0 1 2 2 2 1 2 1 1 1 2 2 1 1 0 0 0 0 1 0 0 0 0 1 0 0 0 0 0 0 0 0 0 1 0 1 1 2 0 0 1 1 0 1 1 0 0 1 1 0 1 0 0 0 0 0 0 0 0 0 TRUE
NC_035107.1 282338561 43 1_Senegal_1_2 1.39591026059732e-42 1 0 1 0 1 0 0 0 0 0 0 0 0 0 0 0 1 1 0 0 0 1 0 0 1 0 1 1 1 1 0 0 1 1 2 1 0 1 2 2 2 0 1 2 2 2 1 2 1 1 1 2 2 1 1 0 0 0 0 1 0 0 0 0 1 0 0 0 0 0 0 0 0 0 1 0 1 1 2 0 0 1 1 0 1 1 0 0 1 1 0 1 0 0 0 0 0 0 0 0 0 TRUE
NC_035107.1 282456698 44 1_Senegal_1_2 1.39591026059732e-42 1 0 1 0 1 0 0 0 0 0 0 0 0 0 0 0 1 1 0 0 0 1 0 0 1 0 1 1 1 1 0 0 1 1 2 1 0 1 2 2 2 0 1 2 2 2 1 2 1 1 1 2 2 1 1 0 0 0 0 1 0 0 0 0 1 0 0 0 0 0 0 0 0 0 1 0 1 1 2 0 0 1 1 0 1 1 0 0 1 1 0 1 0 0 0 0 0 0 0 0 0 TRUE
NC_035107.1 282480606 45 1_Senegal_1_2 1.39591026059732e-42 1 0 1 0 1 0 0 0 0 0 0 0 0 0 0 0 1 1 0 0 0 1 0 0 1 0 1 1 1 1 0 0 1 1 2 1 0 1 2 2 2 0 1 2 2 2 1 2 1 1 1 2 2 1 1 0 0 0 0 1 0 0 0 0 1 0 0 0 0 0 0 0 0 0 1 0 1 1 2 0 0 1 1 0 1 1 0 0 1 1 0 1 0 0 0 0 0 0 0 0 0 TRUE
NC_035107.1 282913817 46 1_Senegal_1_2 1.39591026059732e-42 1 0 1 0 1 0 0 0 0 0 0 0 0 0 0 0 1 1 0 0 0 1 0 0 1 0 1 1 1 1 0 0 1 1 2 1 0 1 2 2 2 0 1 2 2 2 1 2 1 1 1 2 2 1 1 0 0 0 0 1 0 0 0 0 1 0 0 0 0 0 0 0 0 0 1 0 1 1 2 0 0 1 1 0 1 1 0 0 1 1 0 1 0 0 0 0 0 0 0 0 0 TRUE
NC_035107.1 283265257 47 1_Senegal_1_2 1.39591026059732e-42 1 0 1 0 1 0 0 0 0 0 0 0 0 0 0 0 1 1 0 0 0 1 0 0 1 0 1 1 1 1 0 0 1 1 2 1 0 1 2 2 2 0 1 2 2 2 1 2 1 1 1 2 2 1 1 0 0 0 0 1 0 0 0 0 1 0 0 0 0 0 0 0 0 0 1 0 1 1 2 0 0 1 1 0 1 1 0 0 1 1 0 1 0 0 0 0 0 0 0 0 0 TRUE
NC_035107.1 283265326 48 1_Senegal_1_2 1.39591026059732e-42 1 0 1 0 1 0 0 0 0 0 0 0 0 0 0 0 1 1 0 0 0 1 0 0 1 0 1 1 1 1 0 0 1 1 2 1 0 1 2 2 2 0 1 2 2 2 1 2 1 1 1 2 2 1 1 0 0 0 0 1 0 0 0 0 1 0 0 0 0 0 0 0 0 0 1 0 1 1 2 0 0 1 1 0 1 1 0 0 1 1 0 1 0 0 0 0 0 0 0 0 0 TRUE
NC_035107.1 283284442 49 1_Senegal_1_2 1.39591026059732e-42 1 0 1 0 1 0 0 0 0 0 0 0 0 0 0 0 1 1 0 0 0 1 0 0 1 0 1 1 1 1 0 0 1 1 2 1 0 1 2 2 2 0 1 2 2 2 1 2 1 1 1 2 2 1 1 0 0 0 0 1 0 0 0 0 1 0 0 0 0 0 0 0 0 0 1 0 1 1 2 0 0 1 1 0 1 1 0 0 1 1 0 1 0 0 0 0 0 0 0 0 0 TRUE
NC_035107.1 283428461 50 1_Senegal_1_2 1.39591026059732e-42 1 0 1 0 1 0 0 0 0 0 0 0 0 0 0 0 1 1 0 0 0 1 0 0 1 0 1 1 1 1 0 0 1 1 2 1 0 1 2 2 2 0 1 2 2 2 1 2 1 1 1 2 2 1 1 0 0 0 0 1 0 0 0 0 1 0 0 0 0 0 0 0 0 0 1 0 1 1 2 0 0 1 1 0 1 1 0 0 1 1 0 1 0 0 0 0 0 0 0 0 0 TRUE
NC_035107.1 283506435 51 1_Senegal_1_2 1.39591026059732e-42 1 0 1 0 1 0 0 0 0 0 0 0 0 0 0 0 1 1 0 0 0 1 0 0 1 0 1 1 1 1 0 0 1 1 2 1 0 1 2 2 2 0 1 2 2 2 1 2 1 1 1 2 2 1 1 0 0 0 0 1 0 0 0 0 1 0 0 0 0 0 0 0 0 0 1 0 1 1 2 0 0 1 1 0 1 1 0 0 1 1 0 1 0 0 0 0 0 0 0 0 0 TRUE
NC_035107.1 283672614 52 1_Senegal_1_2 1.39591026059732e-42 1 0 1 0 1 0 0 0 0 0 0 0 0 0 0 0 1 1 0 0 0 1 0 0 1 0 1 1 1 1 0 0 1 1 2 1 0 1 2 2 2 0 1 2 2 2 1 2 1 1 1 2 2 1 1 0 0 0 0 1 0 0 0 0 1 0 0 0 0 0 0 0 0 0 1 0 1 1 2 0 0 1 1 0 1 1 0 0 1 1 0 1 0 0 0 0 0 0 0 0 0 TRUE
NC_035107.1 283919430 53 1_Senegal_1_2 1.39591026059732e-42 1 0 1 0 1 0 0 0 0 0 0 0 0 0 0 0 1 1 0 0 0 1 0 0 1 0 1 1 1 1 0 0 1 1 2 1 0 1 2 2 2 0 1 2 2 2 1 2 1 1 1 2 2 1 1 0 0 0 0 1 0 0 0 0 1 0 0 0 0 0 0 0 0 0 1 0 1 1 2 0 0 1 1 0 1 1 0 0 1 1 0 1 0 0 0 0 0 0 0 0 0 TRUE
NC_035107.1 284334290 54 1_Senegal_1_2 1.39591026059732e-42 1 0 1 0 1 0 0 0 0 0 0 0 0 0 0 0 1 1 0 0 0 1 0 0 1 0 1 1 1 1 0 0 1 1 2 1 0 1 2 2 2 0 1 2 2 2 1 2 1 1 1 2 2 1 1 0 0 0 0 1 0 0 0 0 1 0 0 0 0 0 0 0 0 0 1 0 1 1 2 0 0 1 1 0 1 1 0 0 1 1 0 1 0 0 0 0 0 0 0 0 0 TRUE
NC_035107.1 284367728 55 1_Senegal_1_2 1.39591026059732e-42 1 0 1 0 1 0 0 0 0 0 0 0 0 0 0 0 1 1 0 0 0 1 0 0 1 0 1 1 1 1 0 0 1 1 2 1 0 1 2 2 2 0 1 2 2 2 1 2 1 1 1 2 2 1 1 0 0 0 0 1 0 0 0 0 1 0 0 0 0 0 0 0 0 0 1 0 1 1 2 0 0 1 1 0 1 1 0 0 1 1 0 1 0 0 0 0 0 0 0 0 0 TRUE
NC_035107.1 284540579 56 1_Senegal_1_2 1.39591026059732e-42 1 0 1 0 1 0 0 0 0 0 0 0 0 0 0 0 1 1 0 0 0 1 0 0 1 0 1 1 1 1 0 0 1 1 2 1 0 1 2 2 2 0 1 2 2 2 1 2 1 1 1 2 2 1 1 0 0 0 0 1 0 0 0 0 1 0 0 0 0 0 0 0 0 0 1 0 1 1 2 0 0 1 1 0 1 1 0 0 1 1 0 1 0 0 0 0 0 0 0 0 0 TRUE
NC_035107.1 284784001 57 1_Senegal_1_2 1.39591026059732e-42 1 0 1 0 1 0 0 0 0 0 0 0 0 0 0 0 1 1 0 0 0 1 0 0 1 0 1 1 1 1 0 0 1 1 2 1 0 1 2 2 2 0 1 2 2 2 1 2 1 1 1 2 2 1 1 0 0 0 0 1 0 0 0 0 1 0 0 0 0 0 0 0 0 0 1 0 1 1 2 0 0 1 1 0 1 1 0 0 1 1 0 1 0 0 0 0 0 0 0 0 0 TRUE
NC_035107.1 284796284 58 1_Senegal_1_2 1.39591026059732e-42 1 0 1 0 1 0 0 0 0 0 0 0 0 0 0 0 1 1 0 0 0 1 0 0 1 0 1 1 1 1 0 0 1 1 2 1 0 1 2 2 2 0 1 2 2 2 1 2 1 1 1 2 2 1 1 0 0 0 0 1 0 0 0 0 1 0 0 0 0 0 0 0 0 0 1 0 1 1 2 0 0 1 1 0 1 1 0 0 1 1 0 1 0 0 0 0 0 0 0 0 0 TRUE
NC_035107.1 284841264 59 1_Senegal_1_2 1.39591026059732e-42 1 0 1 0 1 0 0 0 0 0 0 0 0 0 0 0 1 1 0 0 0 1 0 0 1 0 1 1 1 1 0 0 1 1 2 1 0 1 2 2 2 0 1 2 2 2 1 2 1 1 1 2 2 1 1 0 0 0 0 1 0 0 0 0 1 0 0 0 0 0 0 0 0 0 1 0 1 1 2 0 0 1 1 0 1 1 0 0 1 1 0 1 0 0 0 0 0 0 0 0 0 TRUE
NC_035107.1 284902400 60 1_Senegal_1_2 1.39591026059732e-42 1 0 1 0 1 0 0 0 0 0 0 0 0 0 0 0 1 1 0 0 0 1 0 0 1 0 1 1 1 1 0 0 1 1 2 1 0 1 2 2 2 0 1 2 2 2 1 2 1 1 1 2 2 1 1 0 0 0 0 1 0 0 0 0 1 0 0 0 0 0 0 0 0 0 1 0 1 1 2 0 0 1 1 0 1 1 0 0 1 1 0 1 0 0 0 0 0 0 0 0 0 TRUE
NC_035107.1 285463695 61 1_Senegal_1_2 1.39591026059732e-42 1 0 1 0 1 0 0 0 0 0 0 0 0 0 0 0 1 1 0 0 0 1 0 0 1 0 1 1 1 1 0 0 1 1 2 1 0 1 2 2 2 0 1 2 2 2 1 2 1 1 1 2 2 1 1 0 0 0 0 1 0 0 0 0 1 0 0 0 0 0 0 0 0 0 1 0 1 1 2 0 0 1 1 0 1 1 0 0 1 1 0 1 0 0 0 0 0 0 0 0 0 TRUE
NC_035107.1 285798829 62 1_Senegal_1_2 1.39591026059732e-42 1 0 1 0 1 0 0 0 0 0 0 0 0 0 0 0 1 1 0 0 0 1 0 0 1 0 1 1 1 1 0 0 1 1 2 1 0 1 2 2 2 0 1 2 2 2 1 2 1 1 1 2 2 1 1 0 0 0 0 1 0 0 0 0 1 0 0 0 0 0 0 0 0 0 1 0 1 1 2 0 0 1 1 0 1 1 0 0 1 1 0 1 0 0 0 0 0 0 0 0 0 TRUE
NC_035107.1 285896410 63 1_Senegal_1_2 1.39591026059732e-42 1 0 1 0 1 0 0 0 0 0 0 0 0 0 0 0 1 1 0 0 0 1 0 0 1 0 1 1 1 1 0 0 1 1 2 1 0 1 2 2 2 0 1 2 2 2 1 2 1 1 1 2 2 1 1 0 0 0 0 1 0 0 0 0 1 0 0 0 0 0 0 0 0 0 1 0 1 1 2 0 0 1 1 0 1 1 0 0 1 1 0 1 0 0 0 0 0 0 0 0 0 TRUE
NC_035107.1 285943745 64 1_Senegal_1_2 1.39591026059732e-42 1 0 1 0 1 0 0 0 0 0 0 0 0 0 0 0 1 1 0 0 0 1 0 0 1 0 1 1 1 1 0 0 1 1 2 1 0 1 2 2 2 0 1 2 2 2 1 2 1 1 1 2 2 1 1 0 0 0 0 1 0 0 0 0 1 0 0 0 0 0 0 0 0 0 1 0 1 1 2 0 0 1 1 0 1 1 0 0 1 1 0 1 0 0 0 0 0 0 0 0 0 TRUE
NC_035107.1 286021791 65 1_Senegal_1_2 1.39591026059732e-42 1 0 1 0 1 0 0 0 0 0 0 0 0 0 0 0 1 1 0 0 0 1 0 0 1 0 1 1 1 1 0 0 1 1 2 1 0 1 2 2 2 0 1 2 2 2 1 2 1 1 1 2 2 1 1 0 0 0 0 1 0 0 0 0 1 0 0 0 0 0 0 0 0 0 1 0 1 1 2 0 0 1 1 0 1 1 0 0 1 1 0 1 0 0 0 0 0 0 0 0 0 TRUE
NC_035107.1 286039732 66 1_Senegal_1_2 1.39591026059732e-42 1 0 1 0 1 0 0 0 0 0 0 0 0 0 0 0 1 1 0 0 0 1 0 0 1 0 1 1 1 1 0 0 1 1 2 1 0 1 2 2 2 0 1 2 2 2 1 2 1 1 1 2 2 1 1 0 0 0 0 1 0 0 0 0 1 0 0 0 0 0 0 0 0 0 1 0 1 1 2 0 0 1 1 0 1 1 0 0 1 1 0 1 0 0 0 0 0 0 0 0 0 TRUE
NC_035107.1 286174287 67 1_Senegal_1_2 1.39591026059732e-42 1 0 1 0 1 0 0 0 0 0 0 0 0 0 0 0 1 1 0 0 0 1 0 0 1 0 1 1 1 1 0 0 1 1 2 1 0 1 2 2 2 0 1 2 2 2 1 2 1 1 1 2 2 1 1 0 0 0 0 1 0 0 0 0 1 0 0 0 0 0 0 0 0 0 1 0 1 1 2 0 0 1 1 0 1 1 0 0 1 1 0 1 0 0 0 0 0 0 0 0 0 TRUE
NC_035107.1 286195559 68 1_Senegal_1_2 1.39591026059732e-42 1 0 1 0 1 0 0 0 0 0 0 0 0 0 0 0 1 1 0 0 0 1 0 0 1 0 1 1 1 1 0 0 1 1 2 1 0 1 2 2 2 0 1 2 2 2 1 2 1 1 1 2 2 1 1 0 0 0 0 1 0 0 0 0 1 0 0 0 0 0 0 0 0 0 1 0 1 1 2 0 0 1 1 0 1 1 0 0 1 1 0 1 0 0 0 0 0 0 0 0 0 TRUE
NC_035107.1 286256198 69 1_Senegal_1_2 1.39591026059732e-42 1 0 1 0 1 0 0 0 0 0 0 0 0 0 0 0 1 1 0 0 0 1 0 0 1 0 1 1 1 1 0 0 1 1 2 1 0 1 2 2 2 0 1 2 2 2 1 2 1 1 1 2 2 1 1 0 0 0 0 1 0 0 0 0 1 0 0 0 0 0 0 0 0 0 1 0 1 1 2 0 0 1 1 0 1 1 0 0 1 1 0 1 0 0 0 0 0 0 0 0 0 TRUE
NC_035107.1 287326525 70 1_Senegal_1_2 1.39591026059732e-42 1 0 1 0 1 0 0 0 0 0 0 0 0 0 0 0 1 1 0 0 0 1 0 0 1 0 1 1 1 1 0 0 1 1 2 1 0 1 2 2 2 0 1 2 2 2 1 2 1 1 1 2 2 1 1 0 0 0 0 1 0 0 0 0 1 0 0 0 0 0 0 0 0 0 1 0 1 1 2 0 0 1 1 0 1 1 0 0 1 1 0 1 0 0 0 0 0 0 0 0 0 TRUE
NC_035107.1 287379805 71 1_Senegal_1_2 1.39591026059732e-42 1 0 1 0 1 0 0 0 0 0 0 0 0 0 0 0 1 1 0 0 0 1 0 0 1 0 1 1 1 1 0 0 1 1 2 1 0 1 2 2 2 0 1 2 2 2 1 2 1 1 1 2 2 1 1 0 0 0 0 1 0 0 0 0 1 0 0 0 0 0 0 0 0 0 1 0 1 1 2 0 0 1 1 0 1 1 0 0 1 1 0 1 0 0 0 0 0 0 0 0 0 TRUE
NC_035107.1 288299397 72 1_Senegal_1_2 1.39591026059732e-42 1 0 1 0 1 0 0 0 0 0 0 0 0 0 0 0 1 1 0 0 0 1 0 0 1 0 1 1 1 1 0 0 1 1 2 1 0 1 2 2 2 0 1 2 2 2 1 2 1 1 1 2 2 1 1 0 0 0 0 1 0 0 0 0 1 0 0 0 0 0 0 0 0 0 1 0 1 1 2 0 0 1 1 0 1 1 0 0 1 1 0 1 0 0 0 0 0 0 0 0 0 TRUE
NC_035107.1 288464482 73 1_Senegal_1_2 1.39591026059732e-42 1 0 1 0 1 0 0 0 0 0 0 0 0 0 0 0 1 1 0 0 0 1 0 0 1 0 1 1 1 1 0 0 1 1 2 1 0 1 2 2 2 0 1 2 2 2 1 2 1 1 1 2 2 1 1 0 0 0 0 1 0 0 0 0 1 0 0 0 0 0 0 0 0 0 1 0 1 1 2 0 0 1 1 0 1 1 0 0 1 1 0 1 0 0 0 0 0 0 0 0 0 TRUE
NC_035107.1 288693642 74 1_Senegal_1_2 1.39591026059732e-42 1 0 1 0 1 0 0 0 0 0 0 0 0 0 0 0 1 1 0 0 0 1 0 0 1 0 1 1 1 1 0 0 1 1 2 1 0 1 2 2 2 0 1 2 2 2 1 2 1 1 1 2 2 1 1 0 0 0 0 1 0 0 0 0 1 0 0 0 0 0 0 0 0 0 1 0 1 1 2 0 0 1 1 0 1 1 0 0 1 1 0 1 0 0 0 0 0 0 0 0 0 TRUE
NC_035107.1 289394440 75 1_Senegal_1_2 1.39591026059732e-42 1 0 1 0 1 0 0 0 0 0 0 0 0 0 0 0 1 1 0 0 0 1 0 0 1 0 1 1 1 1 0 0 1 1 2 1 0 1 2 2 2 0 1 2 2 2 1 2 1 1 1 2 2 1 1 0 0 0 0 1 0 0 0 0 1 0 0 0 0 0 0 0 0 0 1 0 1 1 2 0 0 1 1 0 1 1 0 0 1 1 0 1 0 0 0 0 0 0 0 0 0 TRUE
NC_035107.1 289396703 76 1_Senegal_1_2 1.39591026059732e-42 1 0 1 0 1 0 0 0 0 0 0 0 0 0 0 0 1 1 0 0 0 1 0 0 1 0 1 1 1 1 0 0 1 1 2 1 0 1 2 2 2 0 1 2 2 2 1 2 1 1 1 2 2 1 1 0 0 0 0 1 0 0 0 0 1 0 0 0 0 0 0 0 0 0 1 0 1 1 2 0 0 1 1 0 1 1 0 0 1 1 0 1 0 0 0 0 0 0 0 0 0 TRUE
NC_035107.1 289397806 77 1_Senegal_1_2 1.39591026059732e-42 1 0 1 0 1 0 0 0 0 0 0 0 0 0 0 0 1 1 0 0 0 1 0 0 1 0 1 1 1 1 0 0 1 1 2 1 0 1 2 2 2 0 1 2 2 2 1 2 1 1 1 2 2 1 1 0 0 0 0 1 0 0 0 0 1 0 0 0 0 0 0 0 0 0 1 0 1 1 2 0 0 1 1 0 1 1 0 0 1 1 0 1 0 0 0 0 0 0 0 0 0 TRUE
NC_035107.1 289769863 78 1_Senegal_1_2 1.39591026059732e-42 1 0 1 0 1 0 0 0 0 0 0 0 0 0 0 0 1 1 0 0 0 1 0 0 1 0 1 1 1 1 0 0 1 1 2 1 0 1 2 2 2 0 1 2 2 2 1 2 1 1 1 2 2 1 1 0 0 0 0 1 0 0 0 0 1 0 0 0 0 0 0 0 0 0 1 0 1 1 2 0 0 1 1 0 1 1 0 0 1 1 0 1 0 0 0 0 0 0 0 0 0 TRUE
NC_035107.1 289781582 79 1_Senegal_1_2 1.39591026059732e-42 1 0 1 0 1 0 0 0 0 0 0 0 0 0 0 0 1 1 0 0 0 1 0 0 1 0 1 1 1 1 0 0 1 1 2 1 0 1 2 2 2 0 1 2 2 2 1 2 1 1 1 2 2 1 1 0 0 0 0 1 0 0 0 0 1 0 0 0 0 0 0 0 0 0 1 0 1 1 2 0 0 1 1 0 1 1 0 0 1 1 0 1 0 0 0 0 0 0 0 0 0 TRUE
NC_035107.1 289849583 80 1_Senegal_1_2 1.39591026059732e-42 1 0 1 0 1 0 0 0 0 0 0 0 0 0 0 0 1 1 0 0 0 1 0 0 1 0 1 1 1 1 0 0 1 1 2 1 0 1 2 2 2 0 1 2 2 2 1 2 1 1 1 2 2 1 1 0 0 0 0 1 0 0 0 0 1 0 0 0 0 0 0 0 0 0 1 0 1 1 2 0 0 1 1 0 1 1 0 0 1 1 0 1 0 0 0 0 0 0 0 0 0 TRUE
NC_035107.1 290401839 81 1_Senegal_1_2 1.39591026059732e-42 1 0 1 0 1 0 0 0 0 0 0 0 0 0 0 0 1 1 0 0 0 1 0 0 1 0 1 1 1 1 0 0 1 1 2 1 0 1 2 2 2 0 1 2 2 2 1 2 1 1 1 2 2 1 1 0 0 0 0 1 0 0 0 0 1 0 0 0 0 0 0 0 0 0 1 0 1 1 2 0 0 1 1 0 1 1 0 0 1 1 0 1 0 0 0 0 0 0 0 0 0 TRUE
NC_035107.1 290476643 82 1_Senegal_1_2 1.39591026059732e-42 1 0 1 0 1 0 0 0 0 0 0 0 0 0 0 0 1 1 0 0 0 1 0 0 1 0 1 1 1 1 0 0 1 1 2 1 0 1 2 2 2 0 1 2 2 2 1 2 1 1 1 2 2 1 1 0 0 0 0 1 0 0 0 0 1 0 0 0 0 0 0 0 0 0 1 0 1 1 2 0 0 1 1 0 1 1 0 0 1 1 0 1 0 0 0 0 0 0 0 0 0 TRUE
NC_035107.1 291249440 83 1_Senegal_1_2 1.39591026059732e-42 1 0 1 0 1 0 0 0 0 0 0 0 0 0 0 0 1 1 0 0 0 1 0 0 1 0 1 1 1 1 0 0 1 1 2 1 0 1 2 2 2 0 1 2 2 2 1 2 1 1 1 2 2 1 1 0 0 0 0 1 0 0 0 0 1 0 0 0 0 0 0 0 0 0 1 0 1 1 2 0 0 1 1 0 1 1 0 0 1 1 0 1 0 0 0 0 0 0 0 0 0 TRUE
NC_035107.1 291295647 84 1_Senegal_1_2 1.39591026059732e-42 1 0 1 0 1 0 0 0 0 0 0 0 0 0 0 0 1 1 0 0 0 1 0 0 1 0 1 1 1 1 0 0 1 1 2 1 0 1 2 2 2 0 1 2 2 2 1 2 1 1 1 2 2 1 1 0 0 0 0 1 0 0 0 0 1 0 0 0 0 0 0 0 0 0 1 0 1 1 2 0 0 1 1 0 1 1 0 0 1 1 0 1 0 0 0 0 0 0 0 0 0 TRUE
NC_035107.1 291295820 85 1_Senegal_1_2 1.39591026059732e-42 1 0 1 0 1 0 0 0 0 0 0 0 0 0 0 0 1 1 0 0 0 1 0 0 1 0 1 1 1 1 0 0 1 1 2 1 0 1 2 2 2 0 1 2 2 2 1 2 1 1 1 2 2 1 1 0 0 0 0 1 0 0 0 0 1 0 0 0 0 0 0 0 0 0 1 0 1 1 2 0 0 1 1 0 1 1 0 0 1 1 0 1 0 0 0 0 0 0 0 0 0 TRUE
NC_035107.1 291368099 86 1_Senegal_1_2 1.39591026059732e-42 1 0 1 0 1 0 0 0 0 0 0 0 0 0 0 0 1 1 0 0 0 1 0 0 1 0 1 1 1 1 0 0 1 1 2 1 0 1 2 2 2 0 1 2 2 2 1 2 1 1 1 2 2 1 1 0 0 0 0 1 0 0 0 0 1 0 0 0 0 0 0 0 0 0 1 0 1 1 2 0 0 1 1 0 1 1 0 0 1 1 0 1 0 0 0 0 0 0 0 0 0 TRUE
NC_035107.1 291754641 87 1_Senegal_1_2 1.39591026059732e-42 1 0 1 0 1 0 0 0 0 0 0 0 0 0 0 0 1 1 0 0 0 1 0 0 1 0 1 1 1 1 0 0 1 1 2 1 0 1 2 2 2 0 1 2 2 2 1 2 1 1 1 2 2 1 1 0 0 0 0 1 0 0 0 0 1 0 0 0 0 0 0 0 0 0 1 0 1 1 2 0 0 1 1 0 1 1 0 0 1 1 0 1 0 0 0 0 0 0 0 0 0 TRUE
NC_035107.1 291866238 88 1_Senegal_1_2 1.39591026059732e-42 1 0 1 0 1 0 0 0 0 0 0 0 0 0 0 0 1 1 0 0 0 1 0 0 1 0 1 1 1 1 0 0 1 1 2 1 0 1 2 2 2 0 1 2 2 2 1 2 1 1 1 2 2 1 1 0 0 0 0 1 0 0 0 0 1 0 0 0 0 0 0 0 0 0 1 0 1 1 2 0 0 1 1 0 1 1 0 0 1 1 0 1 0 0 0 0 0 0 0 0 0 TRUE
NC_035107.1 291982935 89 1_Senegal_1_2 1.39591026059732e-42 1 0 1 0 1 0 0 0 0 0 0 0 0 0 0 0 1 1 0 0 0 1 0 0 1 0 1 1 1 1 0 0 1 1 2 1 0 1 2 2 2 0 1 2 2 2 1 2 1 1 1 2 2 1 1 0 0 0 0 1 0 0 0 0 1 0 0 0 0 0 0 0 0 0 1 0 1 1 2 0 0 1 1 0 1 1 0 0 1 1 0 1 0 0 0 0 0 0 0 0 0 TRUE
NC_035107.1 292228571 90 1_Senegal_1_2 1.39591026059732e-42 1 0 1 0 1 0 0 0 0 0 0 0 0 0 0 0 1 1 0 0 0 1 0 0 1 0 1 1 1 1 0 0 1 1 2 1 0 1 2 2 2 0 1 2 2 2 1 2 1 1 1 2 2 1 1 0 0 0 0 1 0 0 0 0 1 0 0 0 0 0 0 0 0 0 1 0 1 1 2 0 0 1 1 0 1 1 0 0 1 1 0 1 0 0 0 0 0 0 0 0 0 TRUE
NC_035107.1 292241374 91 1_Senegal_1_2 1.39591026059732e-42 1 0 1 0 1 0 0 0 0 0 0 0 0 0 0 0 1 1 0 0 0 1 0 0 1 0 1 1 1 1 0 0 1 1 2 1 0 1 2 2 2 0 1 2 2 2 1 2 1 1 1 2 2 1 1 0 0 0 0 1 0 0 0 0 1 0 0 0 0 0 0 0 0 0 1 0 1 1 2 0 0 1 1 0 1 1 0 0 1 1 0 1 0 0 0 0 0 0 0 0 0 TRUE
NC_035107.1 292260749 92 1_Senegal_1_2 1.39591026059732e-42 1 0 1 0 1 0 0 0 0 0 0 0 0 0 0 0 1 1 0 0 0 1 0 0 1 0 1 1 1 1 0 0 1 1 2 1 0 1 2 2 2 0 1 2 2 2 1 2 1 1 1 2 2 1 1 0 0 0 0 1 0 0 0 0 1 0 0 0 0 0 0 0 0 0 1 0 1 1 2 0 0 1 1 0 1 1 0 0 1 1 0 1 0 0 0 0 0 0 0 0 0 TRUE
NC_035107.1 292308920 93 1_Senegal_1_2 1.39591026059732e-42 1 0 1 0 1 0 0 0 0 0 0 0 0 0 0 0 1 1 0 0 0 1 0 0 1 0 1 1 1 1 0 0 1 1 2 1 0 1 2 2 2 0 1 2 2 2 1 2 1 1 1 2 2 1 1 0 0 0 0 1 0 0 0 0 1 0 0 0 0 0 0 0 0 0 1 0 1 1 2 0 0 1 1 0 1 1 0 0 1 1 0 1 0 0 0 0 0 0 0 0 0 TRUE
NC_035107.1 292527696 94 1_Senegal_1_2 1.39591026059732e-42 1 0 1 0 1 0 0 0 0 0 0 0 0 0 0 0 1 1 0 0 0 1 0 0 1 0 1 1 1 1 0 0 1 1 2 1 0 1 2 2 2 0 1 2 2 2 1 2 1 1 1 2 2 1 1 0 0 0 0 1 0 0 0 0 1 0 0 0 0 0 0 0 0 0 1 0 1 1 2 0 0 1 1 0 1 1 0 0 1 1 0 1 0 0 0 0 0 0 0 0 0 TRUE
NC_035107.1 293058131 95 1_Senegal_1_2 1.39591026059732e-42 1 0 1 0 1 0 0 0 0 0 0 0 0 0 0 0 1 1 0 0 0 1 0 0 1 0 1 1 1 1 0 0 1 1 2 1 0 1 2 2 2 0 1 2 2 2 1 2 1 1 1 2 2 1 1 0 0 0 0 1 0 0 0 0 1 0 0 0 0 0 0 0 0 0 1 0 1 1 2 0 0 1 1 0 1 1 0 0 1 1 0 1 0 0 0 0 0 0 0 0 0 TRUE
NC_035107.1 293476460 96 1_Senegal_1_2 1.39591026059732e-42 1 0 1 0 1 0 0 0 0 0 0 0 0 0 0 0 1 1 0 0 0 1 0 0 1 0 1 1 1 1 0 0 1 1 2 1 0 1 2 2 2 0 1 2 2 2 1 2 1 1 1 2 2 1 1 0 0 0 0 1 0 0 0 0 1 0 0 0 0 0 0 0 0 0 1 0 1 1 2 0 0 1 1 0 1 1 0 0 1 1 0 1 0 0 0 0 0 0 0 0 0 TRUE
NC_035107.1 293912443 97 1_Senegal_1_2 1.39591026059732e-42 1 0 1 0 1 0 0 0 0 0 0 0 0 0 0 0 1 1 0 0 0 1 0 0 1 0 1 1 1 1 0 0 1 1 2 1 0 1 2 2 2 0 1 2 2 2 1 2 1 1 1 2 2 1 1 0 0 0 0 1 0 0 0 0 1 0 0 0 0 0 0 0 0 0 1 0 1 1 2 0 0 1 1 0 1 1 0 0 1 1 0 1 0 0 0 0 0 0 0 0 0 TRUE
NC_035107.1 294678575 98 1_Senegal_1_2 1.39591026059732e-42 1 0 1 0 1 0 0 0 0 0 0 0 0 0 0 0 1 1 0 0 0 1 0 0 1 0 1 1 1 1 0 0 1 1 2 1 0 1 2 2 2 0 1 2 2 2 1 2 1 1 1 2 2 1 1 0 0 0 0 1 0 0 0 0 1 0 0 0 0 0 0 0 0 0 1 0 1 1 2 0 0 1 1 0 1 1 0 0 1 1 0 1 0 0 0 0 0 0 0 0 0 TRUE
NC_035107.1 294811009 99 1_Senegal_1_2 1.39591026059732e-42 1 0 1 0 1 0 0 0 0 0 0 0 0 0 0 0 1 1 0 0 0 1 0 0 1 0 1 1 1 1 0 0 1 1 2 1 0 1 2 2 2 0 1 2 2 2 1 2 1 1 1 2 2 1 1 0 0 0 0 1 0 0 0 0 1 0 0 0 0 0 0 0 0 0 1 0 1 1 2 0 0 1 1 0 1 1 0 0 1 1 0 1 0 0 0 0 0 0 0 0 0 TRUE
NC_035107.1 295180290 100 1_Senegal_1_2 1.39591026059732e-42 1 0 1 0 1 0 0 0 0 0 0 0 0 0 0 0 1 1 0 0 0 1 0 0 1 0 1 1 1 1 0 0 1 1 2 1 0 1 2 2 2 0 1 2 2 2 1 2 1 1 1 2 2 1 1 0 0 0 0 1 0 0 0 0 1 0 0 0 0 0 0 0 0 0 1 0 1 1 2 0 0 1 1 0 1 1 0 0 1 1 0 1 0 0 0 0 0 0 0 0 0 TRUE
