chrom pos i inv assoc Debug021_aegypti_Bangr_Ouaga_Burkina_Faso_F_1 Debug021_aegypti_Gound_Ouaga_Burkina_Faso_F_2 Debug021_aegypti_LG_Ouaga_Burkina_Faso_F_10 Debug021_aegypti_LG_Ouaga_Burkina_Faso_F_11 Debug021_aegypti_LG_Ouaga_Burkina_Faso_F_12 Debug021_aegypti_LG_Ouaga_Burkina_Faso_F_13 Debug021_aegypti_LG_Ouaga_Burkina_Faso_F_14 Debug021_aegypti_LG_Ouaga_Burkina_Faso_F_15 Debug021_aegypti_LG_Ouaga_Burkina_Faso_F_16 Debug021_aegypti_LG_Ouaga_Burkina_Faso_F_18 Debug021_aegypti_LG_Ouaga_Burkina_Faso_F_19 Debug021_aegypti_LG_Ouaga_Burkina_Faso_F_9 Debug021_aegypti_Tab_Ouaga_Burkina_Faso_F_17 Debug021_aegypti_Tab_Ouaga_Burkina_Faso_F_20 Debug021_aegypti_Tab_Ouaga_Burkina_Faso_F_3 Debug021_aegypti_Tab_Ouaga_Burkina_Faso_F_4 Debug021_aegypti_Tab_Ouaga_Burkina_Faso_F_5 Debug021_aegypti_Tab_Ouaga_Burkina_Faso_F_6 Debug021_aegypti_Tab_Ouaga_Burkina_Faso_F_7 Debug021_aegypti_Tab_Ouaga_Burkina_Faso_F_8 Debug023_aegypti_Ouahigouya_BurkinaFaso_F_11 Debug023_aegypti_Ouahigouya_BurkinaFaso_F_13 Debug023_aegypti_Ouahigouya_BurkinaFaso_F_14 Debug023_aegypti_Ouahigouya_BurkinaFaso_F_16 Debug023_aegypti_Ouahigouya_BurkinaFaso_F_17 Debug023_aegypti_Ouahigouya_BurkinaFaso_F_2 Debug023_aegypti_Ouahigouya_BurkinaFaso_F_3 Debug023_aegypti_Ouahigouya_BurkinaFaso_F_4 Debug023_aegypti_Ouahigouya_BurkinaFaso_F_5 Debug023_aegypti_Ouahigouya_BurkinaFaso_F_9 Debug023_aegypti_Ouahigouya_BurkinaFaso_M_1 Debug023_aegypti_Ouahigouya_BurkinaFaso_M_10 Debug023_aegypti_Ouahigouya_BurkinaFaso_M_12 Debug023_aegypti_Ouahigouya_BurkinaFaso_M_15 Debug023_aegypti_Ouahigouya_BurkinaFaso_M_6 Debug023_aegypti_Ouahigouya_BurkinaFaso_M_7 include
NC_035108.1 464243726 1 2_BurkinaFaso_1_1 1.52299797447126e-08 2 2 2 2 2 2 2 2 2 2 2 2 2 2 1 2 2 2 2 2 1 2 1 2 1 2 2 2 2 1 2 1 1 2 1 2 TRUE
NC_035108.1 464246932 2 2_BurkinaFaso_1_1 1.52299797447126e-08 2 2 2 2 2 2 2 2 2 2 2 2 2 2 1 2 2 2 2 2 1 2 1 2 1 2 2 2 2 1 2 1 1 2 1 2 TRUE
NC_035108.1 464248461 3 2_BurkinaFaso_1_1 1.52299797447126e-08 0 0 1 0 1 0 1 0 1 0 0 0 0 0 0 0 0 0 0 0 0 0 0 0 0 0 0 0 0 0 0 0 0 0 0 0 TRUE
NC_035108.1 464256969 4 2_BurkinaFaso_1_1 1.52299797447126e-08 2 2 2 2 2 2 2 2 2 2 2 2 2 2 1 2 2 2 2 2 1 2 1 2 1 2 2 2 2 1 2 1 1 2 1 2 TRUE
NC_035108.1 464260879 5 2_BurkinaFaso_1_1 1.52299797447126e-08 2 2 2 2 2 2 2 2 2 2 2 2 2 2 1 2 2 2 2 2 1 2 1 2 1 2 2 2 2 1 2 1 1 2 1 2 TRUE
NC_035108.1 464265187 6 2_BurkinaFaso_1_1 1.52299797447126e-08 0 0 1 0 1 0 1 0 1 0 0 0 0 0 0 0 0 0 0 0 0 0 0 0 0 0 0 0 0 0 0 0 0 0 0 0 TRUE
NC_035108.1 464299968 7 2_BurkinaFaso_1_1 1.52299797447126e-08 0 0 1 0 1 0 1 0 1 0 0 0 0 0 0 0 0 0 0 0 0 0 0 0 0 0 0 0 0 0 0 0 0 0 0 0 TRUE
NC_035108.1 464315688 8 2_BurkinaFaso_1_1 1.52299797447126e-08 0 0 1 0 1 0 1 0 1 0 0 0 0 0 0 0 0 0 0 0 0 0 0 0 0 0 0 0 0 0 0 0 0 0 0 0 TRUE
NC_035108.1 464315826 9 2_BurkinaFaso_1_1 1.52299797447126e-08 0 0 1 0 1 0 1 0 1 0 0 0 0 0 0 0 0 0 0 0 0 0 0 0 0 0 0 0 0 0 0 0 0 0 0 0 TRUE
NC_035108.1 464403084 10 2_BurkinaFaso_1_1 1.52299797447126e-08 0 0 1 0 1 0 1 0 1 0 0 0 0 0 0 0 0 0 0 0 0 0 0 0 0 0 0 0 0 0 0 0 0 0 0 0 TRUE
NC_035108.1 464580942 11 2_BurkinaFaso_1_1 1.52299797447126e-08 0 0 1 0 1 0 1 0 1 0 0 0 0 0 0 0 0 0 0 0 0 0 0 0 0 0 0 0 0 0 0 0 0 0 0 0 TRUE
NC_035108.1 464617753 12 2_BurkinaFaso_1_1 1.52299797447126e-08 0 0 1 0 1 0 1 0 1 0 0 0 0 0 0 0 0 0 0 0 0 0 0 0 0 0 0 0 0 0 0 0 0 0 0 0 TRUE
NC_035108.1 464678280 13 2_BurkinaFaso_1_1 1.52299797447126e-08 0 0 1 0 1 0 1 0 1 0 0 0 0 0 0 0 0 0 0 0 0 0 0 0 0 0 0 0 0 0 0 0 0 0 0 0 TRUE
NC_035108.1 464903853 14 2_BurkinaFaso_1_1 1.52299797447126e-08 0 0 1 0 1 0 1 0 1 0 0 0 0 0 0 0 0 0 0 0 0 0 0 0 0 0 0 0 0 0 0 0 0 0 0 0 TRUE
NC_035108.1 464911845 15 2_BurkinaFaso_1_1 1.52299797447126e-08 0 0 1 0 1 0 1 0 1 0 0 0 0 0 0 0 0 0 0 0 0 0 0 0 0 0 0 0 0 0 0 0 0 0 0 0 TRUE
NC_035108.1 464913201 16 2_BurkinaFaso_1_1 1.52299797447126e-08 0 0 1 0 1 0 1 0 1 0 0 0 0 0 0 0 0 0 0 0 0 0 0 0 0 0 0 0 0 0 0 0 0 0 0 0 TRUE
NC_035108.1 464956415 17 2_BurkinaFaso_1_1 1.52299797447126e-08 0 0 1 0 1 0 1 0 1 0 0 0 0 0 0 0 0 0 0 0 0 0 0 0 0 0 0 0 0 0 0 0 0 0 0 0 TRUE
NC_035108.1 464961316 18 2_BurkinaFaso_1_1 1.52299797447126e-08 0 0 1 0 1 0 1 0 1 0 0 0 0 0 0 0 0 0 0 0 0 0 0 0 0 0 0 0 0 0 0 0 0 0 0 0 TRUE
NC_035108.1 464961452 19 2_BurkinaFaso_1_1 1.52299797447126e-08 0 0 1 0 1 0 1 0 1 0 0 0 0 0 0 0 0 0 0 0 0 0 0 0 0 0 0 0 0 0 0 0 0 0 0 0 TRUE
NC_035108.1 464970737 20 2_BurkinaFaso_1_1 1.52299797447126e-08 0 0 1 0 1 0 1 0 1 0 0 0 0 0 0 0 0 0 0 0 0 0 0 0 0 0 0 0 0 0 0 0 0 0 0 0 TRUE
NC_035108.1 465131086 21 2_BurkinaFaso_1_1 1.52299797447126e-08 0 0 1 0 1 0 1 0 1 0 0 0 0 0 0 0 0 0 0 0 0 0 0 0 0 0 0 0 0 0 0 0 0 0 0 0 TRUE
NC_035108.1 465205347 22 2_BurkinaFaso_1_1 1.52299797447126e-08 0 0 1 0 1 0 1 0 1 0 0 0 0 0 0 0 0 0 0 0 0 0 0 0 0 0 0 0 0 0 0 0 0 0 0 0 TRUE
NC_035108.1 465262950 23 2_BurkinaFaso_1_1 1.52299797447126e-08 0 0 1 0 1 0 1 0 1 0 0 0 0 0 0 0 0 0 0 0 0 0 0 0 0 0 0 0 0 0 0 0 0 0 0 0 TRUE
NC_035108.1 465272775 24 2_BurkinaFaso_1_1 1.52299797447126e-08 0 0 1 0 1 0 1 0 1 0 0 0 0 0 0 0 0 0 0 0 0 0 0 0 0 0 0 0 0 0 0 0 0 0 0 0 TRUE
NC_035108.1 465298313 25 2_BurkinaFaso_1_1 1.52299797447126e-08 0 0 1 0 1 0 1 0 1 0 0 0 0 0 0 0 0 0 0 0 0 0 0 0 0 0 0 0 0 0 0 0 0 0 0 0 TRUE
NC_035108.1 465299528 26 2_BurkinaFaso_1_1 1.52299797447126e-08 0 0 1 0 1 0 1 0 1 0 0 0 0 0 0 0 0 0 0 0 0 0 0 0 0 0 0 0 0 0 0 0 0 0 0 0 TRUE
NC_035108.1 465525370 27 2_BurkinaFaso_1_1 1.52299797447126e-08 0 0 1 0 1 0 1 0 1 0 0 0 0 0 0 0 0 0 0 0 0 0 0 0 0 0 0 0 0 0 0 0 0 0 0 0 TRUE
NC_035108.1 465555205 28 2_BurkinaFaso_1_1 1.52299797447126e-08 0 0 1 0 1 0 1 0 1 0 0 0 0 0 0 0 0 0 0 0 0 0 0 0 0 0 0 0 0 0 0 0 0 0 0 0 TRUE
NC_035108.1 465691234 29 2_BurkinaFaso_1_1 1.52299797447126e-08 0 0 1 0 1 0 1 0 1 0 0 0 0 0 0 0 0 0 0 0 0 0 0 0 0 0 0 0 0 0 0 0 0 0 0 0 TRUE
NC_035108.1 465691868 30 2_BurkinaFaso_1_1 1.52299797447126e-08 0 0 1 0 1 0 1 0 1 0 0 0 0 0 0 0 0 0 0 0 0 0 0 0 0 0 0 0 0 0 0 0 0 0 0 0 TRUE
NC_035108.1 465779874 31 2_BurkinaFaso_1_1 1.52299797447126e-08 0 0 1 0 1 0 1 0 1 0 0 0 0 0 0 0 0 0 0 0 0 0 0 0 0 0 0 0 0 0 0 0 0 0 0 0 TRUE
NC_035108.1 465779945 32 2_BurkinaFaso_1_1 1.52299797447126e-08 0 0 1 0 1 0 1 0 1 0 0 0 0 0 0 0 0 0 0 0 0 0 0 0 0 0 0 0 0 0 0 0 0 0 0 0 TRUE
NC_035108.1 466128215 33 2_BurkinaFaso_1_1 1.52299797447126e-08 0 0 1 0 1 0 1 0 1 0 0 0 0 0 0 0 0 0 0 0 0 0 0 0 0 0 0 0 0 0 0 0 0 0 0 0 TRUE
NC_035108.1 466128242 34 2_BurkinaFaso_1_1 1.52299797447126e-08 0 0 1 0 1 0 1 0 1 0 0 0 0 0 0 0 0 0 0 0 0 0 0 0 0 0 0 0 0 0 0 0 0 0 0 0 TRUE
NC_035108.1 466195257 35 2_BurkinaFaso_1_1 1.52299797447126e-08 0 0 1 0 1 0 1 0 1 0 0 0 0 0 0 0 0 0 0 0 0 0 0 0 0 0 0 0 0 0 0 0 0 0 0 0 TRUE
NC_035108.1 466222509 36 2_BurkinaFaso_1_1 1.52299797447126e-08 0 0 1 0 1 0 1 0 1 0 0 0 0 0 0 0 0 0 0 0 0 0 0 0 0 0 0 0 0 0 0 0 0 0 0 0 TRUE
NC_035108.1 466236921 37 2_BurkinaFaso_1_1 1.52299797447126e-08 0 0 1 0 1 0 1 0 1 0 0 0 0 0 0 0 0 0 0 0 0 0 0 0 0 0 0 0 0 0 0 0 0 0 0 0 TRUE
NC_035108.1 466480134 38 2_BurkinaFaso_1_1 1.52299797447126e-08 0 0 1 0 1 0 1 0 1 0 0 0 0 0 0 0 0 0 0 0 0 0 0 0 0 0 0 0 0 0 0 0 0 0 0 0 TRUE
NC_035108.1 466559630 39 2_BurkinaFaso_1_1 1.52299797447126e-08 0 0 1 0 1 0 1 0 1 0 0 0 0 0 0 0 0 0 0 0 0 0 0 0 0 0 0 0 0 0 0 0 0 0 0 0 TRUE
NC_035108.1 466567314 40 2_BurkinaFaso_1_1 1.52299797447126e-08 0 0 1 0 1 0 1 0 1 0 0 0 0 0 0 0 0 0 0 0 0 0 0 0 0 0 0 0 0 0 0 0 0 0 0 0 TRUE
NC_035108.1 466567869 41 2_BurkinaFaso_1_1 1.52299797447126e-08 0 0 1 0 1 0 1 0 1 0 0 0 0 0 0 0 0 0 0 0 0 0 0 0 0 0 0 0 0 0 0 0 0 0 0 0 TRUE
NC_035108.1 466585606 42 2_BurkinaFaso_1_1 1.52299797447126e-08 0 0 1 0 1 0 1 0 1 0 0 0 0 0 0 0 0 0 0 0 0 0 0 0 0 0 0 0 0 0 0 0 0 0 0 0 TRUE
NC_035108.1 466587345 43 2_BurkinaFaso_1_1 1.52299797447126e-08 2 2 2 2 2 2 2 2 2 2 2 2 2 2 1 2 2 2 2 2 1 2 1 2 1 2 2 2 2 1 2 1 1 2 1 2 TRUE
NC_035108.1 466588405 44 2_BurkinaFaso_1_1 1.52299797447126e-08 0 0 1 0 1 0 1 0 1 0 0 0 0 0 0 0 0 0 0 0 0 0 0 0 0 0 0 0 0 0 0 0 0 0 0 0 TRUE
NC_035108.1 466695257 45 2_BurkinaFaso_1_1 1.52299797447126e-08 0 0 1 0 1 0 1 0 1 0 0 0 0 0 0 0 0 0 0 0 0 0 0 0 0 0 0 0 0 0 0 0 0 0 0 0 TRUE
NC_035108.1 466714798 46 2_BurkinaFaso_1_1 1.52299797447126e-08 0 0 1 0 1 0 1 0 1 0 0 0 0 0 0 0 0 0 0 0 0 0 0 0 0 0 0 0 0 0 0 0 0 0 0 0 TRUE
NC_035108.1 466817719 47 2_BurkinaFaso_1_1 1.52299797447126e-08 0 0 1 0 1 0 1 0 1 0 0 0 0 0 0 0 0 0 0 0 0 0 0 0 0 0 0 0 0 0 0 0 0 0 0 0 TRUE
NC_035108.1 466854434 48 2_BurkinaFaso_1_1 1.52299797447126e-08 0 0 1 0 1 0 1 0 1 0 0 0 0 0 0 0 0 0 0 0 0 0 0 0 0 0 0 0 0 0 0 0 0 0 0 0 TRUE
NC_035108.1 466901855 49 2_BurkinaFaso_1_1 1.52299797447126e-08 0 0 1 0 1 0 1 0 1 0 0 0 0 0 0 0 0 0 0 0 0 0 0 0 0 0 0 0 0 0 0 0 0 0 0 0 TRUE
NC_035108.1 466902031 50 2_BurkinaFaso_1_1 1.52299797447126e-08 0 0 1 0 1 0 1 0 1 0 0 0 0 0 0 0 0 0 0 0 0 0 0 0 0 0 0 0 0 0 0 0 0 0 0 0 TRUE
NC_035108.1 467031847 51 2_BurkinaFaso_1_1 1.52299797447126e-08 0 0 1 0 1 0 1 0 1 0 0 0 0 0 0 0 0 0 0 0 0 0 0 0 0 0 0 0 0 0 0 0 0 0 0 0 TRUE
NC_035108.1 467132035 52 2_BurkinaFaso_1_1 1.52299797447126e-08 0 0 1 0 1 0 1 0 1 0 0 0 0 0 0 0 0 0 0 0 0 0 0 0 0 0 0 0 0 0 0 0 0 0 0 0 TRUE
NC_035108.1 467166642 53 2_BurkinaFaso_1_1 1.52299797447126e-08 0 0 1 0 1 0 1 0 1 0 0 0 0 0 0 0 0 0 0 0 0 0 0 0 0 0 0 0 0 0 0 0 0 0 0 0 TRUE
NC_035108.1 467168694 54 2_BurkinaFaso_1_1 1.52299797447126e-08 2 2 2 2 2 2 2 2 2 2 2 2 2 2 1 2 2 2 2 2 1 2 1 2 1 2 2 2 2 1 2 1 1 2 1 2 TRUE
NC_035108.1 467168895 55 2_BurkinaFaso_1_1 1.52299797447126e-08 2 2 2 2 2 2 2 2 2 2 2 2 2 2 1 2 2 2 2 2 1 2 1 2 1 2 2 2 2 1 2 1 1 2 1 2 TRUE
NC_035108.1 467221041 56 2_BurkinaFaso_1_1 1.52299797447126e-08 0 0 1 0 1 0 1 0 1 0 0 0 0 0 0 0 0 0 0 0 0 0 0 0 0 0 0 0 0 0 0 0 0 0 0 0 TRUE
NC_035108.1 467228561 57 2_BurkinaFaso_1_1 1.52299797447126e-08 2 2 2 2 2 2 2 2 2 2 2 2 2 2 1 2 2 2 2 2 1 2 1 2 1 2 2 2 2 1 2 1 1 2 1 2 TRUE
NC_035108.1 467279541 58 2_BurkinaFaso_1_1 1.52299797447126e-08 0 0 1 0 1 0 1 0 1 0 0 0 0 0 0 0 0 0 0 0 0 0 0 0 0 0 0 0 0 0 0 0 0 0 0 0 TRUE
NC_035108.1 467283796 59 2_BurkinaFaso_1_1 1.52299797447126e-08 2 2 2 2 2 2 2 2 2 2 2 2 2 2 1 2 2 2 2 2 1 2 1 2 1 2 2 2 2 1 2 1 1 2 1 2 TRUE
NC_035108.1 467320896 60 2_BurkinaFaso_1_1 1.52299797447126e-08 0 0 1 0 1 0 1 0 1 0 0 0 0 0 0 0 0 0 0 0 0 0 0 0 0 0 0 0 0 0 0 0 0 0 0 0 TRUE
NC_035108.1 467344671 61 2_BurkinaFaso_1_1 1.52299797447126e-08 0 0 1 0 1 0 1 0 1 0 0 0 0 0 0 0 0 0 0 0 0 0 0 0 0 0 0 0 0 0 0 0 0 0 0 0 TRUE
NC_035108.1 467380008 62 2_BurkinaFaso_1_1 1.52299797447126e-08 2 2 2 2 2 2 2 2 2 2 2 2 2 2 1 2 2 2 2 2 1 2 1 2 1 2 2 2 2 1 2 1 1 2 1 2 TRUE
NC_035108.1 467388817 63 2_BurkinaFaso_1_1 1.52299797447126e-08 2 2 2 2 2 2 2 2 2 2 2 2 2 2 1 2 2 2 2 2 1 2 1 2 1 2 2 2 2 1 2 1 1 2 1 2 TRUE
NC_035108.1 467443944 64 2_BurkinaFaso_1_1 1.52299797447126e-08 0 0 1 0 1 0 1 0 1 0 0 0 0 0 0 0 0 0 0 0 0 0 0 0 0 0 0 0 0 0 0 0 0 0 0 0 TRUE
NC_035108.1 467694849 65 2_BurkinaFaso_1_1 1.52299797447126e-08 0 0 1 0 1 0 1 0 1 0 0 0 0 0 0 0 0 0 0 0 0 0 0 0 0 0 0 0 0 0 0 0 0 0 0 0 TRUE
NC_035108.1 467708581 66 2_BurkinaFaso_1_1 1.52299797447126e-08 0 0 1 0 1 0 1 0 1 0 0 0 0 0 0 0 0 0 0 0 0 0 0 0 0 0 0 0 0 0 0 0 0 0 0 0 TRUE
NC_035108.1 467816241 67 2_BurkinaFaso_1_1 1.52299797447126e-08 0 0 1 0 1 0 1 0 1 0 0 0 0 0 0 0 0 0 0 0 0 0 0 0 0 0 0 0 0 0 0 0 0 0 0 0 TRUE
NC_035108.1 467816911 68 2_BurkinaFaso_1_1 1.52299797447126e-08 2 2 2 2 2 2 2 2 2 2 2 2 2 2 1 2 2 2 2 2 1 2 1 2 1 2 2 2 2 1 2 1 1 2 1 2 TRUE
NC_035108.1 467817461 69 2_BurkinaFaso_1_1 1.52299797447126e-08 0 0 1 0 1 0 1 0 1 0 0 0 0 0 0 0 0 0 0 0 0 0 0 0 0 0 0 0 0 0 0 0 0 0 0 0 TRUE
NC_035108.1 467830421 70 2_BurkinaFaso_1_1 1.52299797447126e-08 2 2 2 2 2 2 2 2 2 2 2 2 2 2 1 2 2 2 2 2 1 2 1 2 1 2 2 2 2 1 2 1 1 2 1 2 TRUE
NC_035108.1 467838743 71 2_BurkinaFaso_1_1 1.52299797447126e-08 0 0 1 0 1 0 1 0 1 0 0 0 0 0 0 0 0 0 0 0 0 0 0 0 0 0 0 0 0 0 0 0 0 0 0 0 TRUE
NC_035108.1 467841222 72 2_BurkinaFaso_1_1 1.52299797447126e-08 2 2 2 2 2 2 2 2 2 2 2 2 2 2 1 2 2 2 2 2 1 2 1 2 1 2 2 2 2 1 2 1 1 2 1 2 TRUE
NC_035108.1 467841637 73 2_BurkinaFaso_1_1 1.52299797447126e-08 2 2 2 2 2 2 2 2 2 2 2 2 2 2 1 2 2 2 2 2 1 2 1 2 1 2 2 2 2 1 2 1 1 2 1 2 TRUE
NC_035108.1 467901656 74 2_BurkinaFaso_1_1 1.52299797447126e-08 2 2 2 2 2 2 2 2 2 2 2 2 2 2 1 2 2 2 2 2 1 2 1 2 1 2 2 2 2 1 2 1 1 2 1 2 TRUE
NC_035108.1 467911661 75 2_BurkinaFaso_1_1 1.52299797447126e-08 2 2 2 2 2 2 2 2 2 2 2 2 2 2 1 2 2 2 2 2 1 2 1 2 1 2 2 2 2 1 2 1 1 2 1 2 TRUE
NC_035108.1 468107610 76 2_BurkinaFaso_1_1 1.52299797447126e-08 2 2 2 2 2 2 2 2 2 2 2 2 2 2 1 2 2 2 2 2 1 2 1 2 1 2 2 2 2 1 2 1 1 2 1 2 TRUE
NC_035108.1 468131947 77 2_BurkinaFaso_1_1 1.52299797447126e-08 2 2 2 2 2 2 2 2 2 2 2 2 2 2 1 2 2 2 2 2 1 2 1 2 1 2 2 2 2 1 2 1 1 2 1 2 TRUE
NC_035108.1 468153516 78 2_BurkinaFaso_1_1 1.52299797447126e-08 2 2 2 2 2 2 2 2 2 2 2 2 2 2 1 2 2 2 2 2 1 2 1 2 1 2 2 2 2 1 2 1 1 2 1 2 TRUE
NC_035108.1 468158977 79 2_BurkinaFaso_1_1 1.52299797447126e-08 0 0 1 0 1 0 1 0 1 0 0 0 0 0 0 0 0 0 0 0 0 0 0 0 0 0 0 0 0 0 0 0 0 0 0 0 TRUE
NC_035108.1 468191721 80 2_BurkinaFaso_1_1 1.52299797447126e-08 0 0 1 0 1 0 1 0 1 0 0 0 0 0 0 0 0 0 0 0 0 0 0 0 0 0 0 0 0 0 0 0 0 0 0 0 TRUE
NC_035108.1 468208702 81 2_BurkinaFaso_1_1 1.52299797447126e-08 2 2 2 2 2 2 2 2 2 2 2 2 2 2 1 2 2 2 2 2 1 2 1 2 1 2 2 2 2 1 2 1 1 2 1 2 TRUE
NC_035108.1 468209603 82 2_BurkinaFaso_1_1 1.52299797447126e-08 0 0 1 0 1 0 1 0 1 0 0 0 0 0 0 0 0 0 0 0 0 0 0 0 0 0 0 0 0 0 0 0 0 0 0 0 TRUE
NC_035108.1 468223731 83 2_BurkinaFaso_1_1 1.52299797447126e-08 0 0 1 0 1 0 1 0 1 0 0 0 0 0 0 0 0 0 0 0 0 0 0 0 0 0 0 0 0 0 0 0 0 0 0 0 TRUE
NC_035108.1 468287545 84 2_BurkinaFaso_1_1 1.52299797447126e-08 2 2 2 2 2 2 2 2 2 2 2 2 2 2 1 2 2 2 2 2 1 2 1 2 1 2 2 2 2 1 2 1 1 2 1 2 TRUE
NC_035108.1 468288586 85 2_BurkinaFaso_1_1 1.52299797447126e-08 2 2 2 2 2 2 2 2 2 2 2 2 2 2 1 2 2 2 2 2 1 2 1 2 1 2 2 2 2 1 2 1 1 2 1 2 TRUE
NC_035108.1 468289387 86 2_BurkinaFaso_1_1 1.52299797447126e-08 0 0 1 0 1 0 1 0 1 0 0 0 0 0 0 0 0 0 0 0 0 0 0 0 0 0 0 0 0 0 0 0 0 0 0 0 TRUE
NC_035108.1 468292388 87 2_BurkinaFaso_1_1 1.52299797447126e-08 2 2 2 2 2 2 2 2 2 2 2 2 2 2 1 2 2 2 2 2 1 2 1 2 1 2 2 2 2 1 2 1 1 2 1 2 TRUE
NC_035108.1 468303336 88 2_BurkinaFaso_1_1 1.52299797447126e-08 2 2 2 2 2 2 2 2 2 2 2 2 2 2 1 2 2 2 2 2 1 2 1 2 1 2 2 2 2 1 2 1 1 2 1 2 TRUE
NC_035108.1 468340147 89 2_BurkinaFaso_1_1 1.52299797447126e-08 2 2 2 2 2 2 2 2 2 2 2 2 2 2 1 2 2 2 2 2 1 2 1 2 1 2 2 2 2 1 2 1 1 2 1 2 TRUE
NC_035108.1 468358529 90 2_BurkinaFaso_1_1 1.52299797447126e-08 0 0 1 0 1 0 1 0 1 0 0 0 0 0 0 0 0 0 0 0 0 0 0 0 0 0 0 0 0 0 0 0 0 0 0 0 TRUE
NC_035108.1 468366290 91 2_BurkinaFaso_1_1 1.52299797447126e-08 0 0 1 0 1 0 1 0 1 0 0 0 0 0 0 0 0 0 0 0 0 0 0 0 0 0 0 0 0 0 0 0 0 0 0 0 TRUE
NC_035108.1 468378537 92 2_BurkinaFaso_1_1 1.52299797447126e-08 0 0 1 0 1 0 1 0 1 0 0 0 0 0 0 0 0 0 0 0 0 0 0 0 0 0 0 0 0 0 0 0 0 0 0 0 TRUE
NC_035108.1 468397142 93 2_BurkinaFaso_1_1 1.52299797447126e-08 0 0 1 0 1 0 1 0 1 0 0 0 0 0 0 0 0 0 0 0 0 0 0 0 0 0 0 0 0 0 0 0 0 0 0 0 TRUE
NC_035108.1 468472502 94 2_BurkinaFaso_1_1 1.52299797447126e-08 2 2 2 2 2 2 2 2 2 2 2 2 2 2 1 2 2 2 2 2 1 2 1 2 1 2 2 2 2 1 2 1 1 2 1 2 TRUE
NC_035108.1 468507533 95 2_BurkinaFaso_1_1 1.52299797447126e-08 0 0 1 0 1 0 1 0 1 0 0 0 0 0 0 0 0 0 0 0 0 0 0 0 0 0 0 0 0 0 0 0 0 0 0 0 TRUE
NC_035108.1 468663867 96 2_BurkinaFaso_1_1 1.52299797447126e-08 0 0 1 0 1 0 1 0 1 0 0 0 0 0 0 0 0 0 0 0 0 0 0 0 0 0 0 0 0 0 0 0 0 0 0 0 TRUE
NC_035108.1 469062216 97 2_BurkinaFaso_1_1 1.52299797447126e-08 0 0 1 0 1 0 1 0 1 0 0 0 0 0 0 0 0 0 0 0 0 0 0 0 0 0 0 0 0 0 0 0 0 0 0 0 TRUE
NC_035108.1 469358896 98 2_BurkinaFaso_1_1 1.52299797447126e-08 0 0 1 0 1 0 1 0 1 0 0 0 0 0 0 0 0 0 0 0 0 0 0 0 0 0 0 0 0 0 0 0 0 0 0 0 TRUE
NC_035108.1 469374575 99 2_BurkinaFaso_1_1 1.52299797447126e-08 2 2 2 2 2 2 2 2 2 2 2 2 2 2 1 2 2 2 2 2 1 2 1 2 1 2 2 2 2 1 2 1 1 2 1 2 TRUE
NC_035108.1 469436557 100 2_BurkinaFaso_1_1 1.52299797447126e-08 0 0 1 0 1 0 1 0 1 0 0 0 0 0 0 0 0 0 0 0 0 0 0 0 0 0 0 0 0 0 0 0 0 0 0 0 TRUE
