chrom pos i inv assoc Debug023_aegypti_BoabengFiema_Ghana_F_1 Debug023_aegypti_BoabengFiema_Ghana_F_2 Debug023_aegypti_Kintampo_Ghana_F_11 Debug023_aegypti_Kintampo_Ghana_F_12 Debug023_aegypti_Kintampo_Ghana_F_15 Debug023_aegypti_Kintampo_Ghana_F_16 Debug023_aegypti_Kintampo_Ghana_F_17 Debug023_aegypti_Kintampo_Ghana_F_20 Debug023_aegypti_Kintampo_Ghana_F_4 Debug023_aegypti_Kintampo_Ghana_F_7 Debug023_aegypti_Kintampo_Ghana_F_9 Debug023_aegypti_Kintampo_Ghana_M_1 Debug023_aegypti_Kintampo_Ghana_M_10 Debug023_aegypti_Kintampo_Ghana_M_13 Debug023_aegypti_Kintampo_Ghana_M_14 Debug023_aegypti_Kintampo_Ghana_M_18 Debug023_aegypti_Kintampo_Ghana_M_2 Debug023_aegypti_Kintampo_Ghana_M_5 Debug023_aegypti_Kintampo_Ghana_M_6 Debug023_aegypti_Kintampo_Ghana_M_8 Debug023_aegypti_Kumasi_Ghana_F_11 Debug023_aegypti_Kumasi_Ghana_F_14 Debug023_aegypti_Kumasi_Ghana_F_16 Debug023_aegypti_Kumasi_Ghana_F_18 Debug023_aegypti_Kumasi_Ghana_F_19 Debug023_aegypti_Kumasi_Ghana_F_2 Debug023_aegypti_Kumasi_Ghana_F_20 Debug023_aegypti_Kumasi_Ghana_F_4 Debug023_aegypti_Kumasi_Ghana_F_6 Debug023_aegypti_Kumasi_Ghana_F_9 Debug023_aegypti_Kumasi_Ghana_M_1 Debug023_aegypti_Kumasi_Ghana_M_10 Debug023_aegypti_Kumasi_Ghana_M_12 Debug023_aegypti_Kumasi_Ghana_M_13 Debug023_aegypti_Kumasi_Ghana_M_15 Debug023_aegypti_Kumasi_Ghana_M_17 Debug023_aegypti_Kumasi_Ghana_M_3 Debug023_aegypti_Kumasi_Ghana_M_5 Debug023_aegypti_Kumasi_Ghana_M_7 Debug023_aegypti_Kumasi_Ghana_M_8 include
NC_035107.1 165016461 1 1_Ghana_1_1 2.06115362243856e-09 0 0 0 0 0 1 0 1 1 0 1 0 1 0 0 0 0 0 0 0 1 0 0 1 0 0 0 0 0 0 0 1 1 0 1 0 0 0 0 0 FALSE
NC_035107.1 165019588 2 1_Ghana_1_1 2.06115362243856e-09 0 0 0 0 0 1 0 1 1 0 1 0 1 0 0 0 0 0 0 0 1 0 0 1 0 0 0 0 0 0 0 1 1 0 1 0 0 0 0 0 FALSE
NC_035107.1 165020461 3 1_Ghana_1_1 2.06115362243856e-09 0 0 0 0 0 1 0 1 1 0 1 0 1 0 0 0 0 0 0 0 1 0 0 1 0 0 0 0 0 0 0 1 1 0 1 0 0 0 0 0 FALSE
NC_035107.1 165020938 4 1_Ghana_1_1 2.06115362243856e-09 0 0 0 0 0 1 0 1 1 0 1 0 1 0 0 0 0 0 0 0 1 0 0 1 0 0 0 0 0 0 0 1 1 0 1 0 0 0 0 0 FALSE
NC_035107.1 165027603 5 1_Ghana_1_1 2.06115362243856e-09 0 0 0 0 0 1 0 1 1 0 1 0 1 0 0 0 0 0 0 0 1 0 0 1 0 0 0 0 0 0 0 1 1 0 1 0 0 0 0 0 FALSE
NC_035107.1 165027889 6 1_Ghana_1_1 2.06115362243856e-09 0 0 0 0 0 1 0 1 1 0 1 0 1 0 0 0 0 0 0 0 1 0 0 1 0 0 1 0 0 0 0 1 1 0 1 0 0 1 0 0 FALSE
NC_035107.1 165027971 7 1_Ghana_1_1 2.06115362243856e-09 0 0 0 0 0 1 0 1 1 0 1 0 1 0 0 0 0 0 0 0 1 0 0 1 0 0 0 0 0 0 0 1 1 0 1 0 0 0 0 0 FALSE
NC_035107.1 165028003 8 1_Ghana_1_1 2.06115362243856e-09 0 0 0 0 0 1 0 1 1 0 1 0 1 0 0 0 0 0 0 0 1 0 0 1 0 0 0 0 0 0 0 1 1 0 1 0 0 0 0 0 FALSE
NC_035107.1 165049948 9 1_Ghana_1_1 2.06115362243856e-09 0 0 0 0 0 1 0 1 1 0 1 0 1 0 0 0 0 0 0 0 1 0 0 1 0 0 1 0 0 0 0 1 1 0 1 0 0 1 0 0 FALSE
NC_035107.1 165050601 10 1_Ghana_1_1 2.06115362243856e-09 0 0 0 0 0 1 0 1 1 0 1 0 1 0 0 0 0 0 0 0 1 0 0 1 0 0 0 0 0 0 0 1 1 0 1 0 0 0 0 0 FALSE
NC_035107.1 165051144 11 1_Ghana_1_1 2.06115362243856e-09 0 0 0 0 0 1 0 1 1 0 1 0 1 0 0 0 0 0 0 0 1 0 0 1 0 0 1 0 0 0 0 1 1 0 1 0 0 1 0 0 FALSE
NC_035107.1 165051148 12 1_Ghana_1_1 2.06115362243856e-09 0 0 0 0 0 1 0 1 1 0 1 0 1 0 0 0 0 0 0 0 1 0 0 1 0 0 1 0 0 0 0 1 1 0 1 0 0 1 0 0 FALSE
NC_035107.1 165052242 13 1_Ghana_1_1 2.06115362243856e-09 0 0 0 0 0 1 0 1 1 0 1 0 1 0 0 0 0 0 0 0 1 0 0 1 0 0 0 0 0 0 0 1 1 0 1 0 0 0 0 0 FALSE
NC_035107.1 165096926 14 1_Ghana_1_1 2.06115362243856e-09 0 0 0 0 0 1 0 1 1 0 1 0 1 0 0 0 0 0 0 0 1 0 0 1 0 0 0 0 0 0 0 1 1 0 1 0 0 0 0 0 FALSE
NC_035107.1 165097076 15 1_Ghana_1_1 2.06115362243856e-09 0 0 0 0 0 1 0 1 1 0 1 0 1 0 0 0 0 0 0 0 1 0 0 1 0 0 1 0 0 0 0 1 1 0 1 0 0 1 0 0 FALSE
NC_035107.1 165097934 16 1_Ghana_1_1 2.06115362243856e-09 0 0 0 0 0 1 0 1 1 0 1 0 1 0 0 0 0 0 0 0 1 0 0 1 0 0 1 0 0 0 0 1 1 0 1 0 0 1 0 0 FALSE
NC_035107.1 165098187 17 1_Ghana_1_1 2.06115362243856e-09 0 0 0 0 0 1 0 1 1 0 1 0 1 0 0 0 0 0 0 0 1 0 0 1 0 0 1 0 0 0 0 1 1 0 1 0 0 1 0 0 FALSE
NC_035107.1 165098989 18 1_Ghana_1_1 2.06115362243856e-09 0 0 0 0 0 1 0 1 1 0 1 0 1 0 0 0 0 0 0 0 1 0 0 1 0 0 1 0 0 0 0 1 1 0 1 0 0 1 0 0 FALSE
NC_035107.1 165099074 19 1_Ghana_1_1 2.06115362243856e-09 0 0 0 0 0 1 0 1 1 0 1 0 1 0 0 0 0 0 0 0 1 0 0 1 0 0 0 0 0 0 0 1 1 0 1 0 0 0 0 0 FALSE
NC_035107.1 165100378 20 1_Ghana_1_1 2.06115362243856e-09 0 0 0 0 0 1 0 1 1 0 1 0 1 0 0 0 0 0 0 0 1 0 0 1 0 0 0 0 0 0 0 1 1 0 1 0 0 0 0 0 FALSE
NC_035107.1 165100482 21 1_Ghana_1_1 2.06115362243856e-09 0 0 0 0 0 1 0 1 1 0 1 0 1 0 0 0 0 0 0 0 1 0 0 1 0 0 0 0 0 0 0 1 1 0 1 0 0 0 0 0 FALSE
NC_035107.1 165113634 22 1_Ghana_1_1 2.06115362243856e-09 0 0 0 0 0 1 0 1 1 0 1 0 1 0 0 0 0 0 0 0 1 0 0 1 0 0 1 0 0 0 0 1 1 0 1 0 0 1 0 0 FALSE
NC_035107.1 165114230 23 1_Ghana_1_1 2.06115362243856e-09 0 0 0 0 0 1 0 1 1 0 1 0 1 0 0 0 0 0 0 0 1 0 0 1 0 0 0 0 0 0 0 1 1 0 1 0 0 0 0 0 FALSE
NC_035107.1 165114771 24 1_Ghana_1_1 2.06115362243856e-09 0 0 0 0 0 1 0 1 1 0 1 0 1 0 0 0 0 0 0 0 1 0 0 1 0 0 1 0 0 0 0 1 1 0 1 0 0 1 0 0 FALSE
NC_035107.1 165126940 25 1_Ghana_1_1 2.06115362243856e-09 0 0 0 0 0 1 0 1 1 0 1 0 1 0 0 0 0 0 0 0 1 0 0 1 0 0 1 0 0 0 0 1 1 0 1 0 0 1 0 0 FALSE
NC_035107.1 165130194 26 1_Ghana_1_1 2.06115362243856e-09 0 0 0 0 0 1 0 1 1 0 1 0 1 0 0 0 0 0 0 0 1 0 0 1 0 0 1 0 0 0 0 1 1 0 1 0 0 1 0 0 FALSE
NC_035107.1 165130515 27 1_Ghana_1_1 2.06115362243856e-09 0 0 0 0 0 1 0 1 1 0 1 0 1 0 0 0 0 0 0 0 1 0 0 1 0 0 0 0 0 0 0 1 1 0 1 0 0 0 0 0 FALSE
NC_035107.1 165130557 28 1_Ghana_1_1 2.06115362243856e-09 0 0 0 0 0 1 0 1 1 0 1 0 1 0 0 0 0 0 0 0 1 0 0 1 0 0 0 0 0 0 0 1 1 0 1 0 0 0 0 0 FALSE
NC_035107.1 165142033 29 1_Ghana_1_1 2.06115362243856e-09 0 0 0 0 0 1 0 1 1 0 1 0 1 0 0 0 0 0 0 0 1 0 0 1 0 0 0 0 0 0 0 1 1 0 1 0 0 0 0 0 FALSE
NC_035107.1 165142041 30 1_Ghana_1_1 2.06115362243856e-09 0 0 0 0 0 1 0 1 1 0 1 0 1 0 0 0 0 0 0 0 1 0 0 1 0 0 0 0 0 0 0 1 1 0 1 0 0 0 0 0 FALSE
NC_035107.1 165142946 31 1_Ghana_1_1 2.06115362243856e-09 0 0 0 0 0 1 0 1 1 0 1 0 1 0 0 0 0 0 0 0 1 0 0 1 0 0 0 0 0 0 0 1 1 0 1 0 0 0 0 0 FALSE
NC_035107.1 165156462 32 1_Ghana_1_1 2.06115362243856e-09 0 0 0 0 0 1 0 1 1 0 1 0 1 0 0 0 0 0 0 0 1 0 0 1 0 0 1 0 0 0 0 1 1 0 1 0 0 1 0 0 FALSE
NC_035107.1 165157010 33 1_Ghana_1_1 2.06115362243856e-09 0 0 0 0 0 1 0 1 1 0 1 0 1 0 0 0 0 0 0 0 1 0 0 1 0 0 1 0 0 0 0 1 1 0 1 0 0 1 0 0 FALSE
NC_035107.1 165164861 34 1_Ghana_1_1 2.06115362243856e-09 0 0 0 0 0 1 0 1 1 0 1 0 1 0 0 0 0 0 0 0 1 0 0 1 0 0 0 0 0 0 0 1 1 0 1 0 0 0 0 0 FALSE
NC_035107.1 165165096 35 1_Ghana_1_1 2.06115362243856e-09 0 0 0 0 0 1 0 1 1 0 1 0 1 0 0 0 0 0 0 0 1 0 0 1 0 0 0 0 0 0 0 1 1 0 1 0 0 0 0 0 FALSE
NC_035107.1 165165381 36 1_Ghana_1_1 2.06115362243856e-09 0 0 0 0 0 1 0 1 1 0 1 0 1 0 0 0 0 0 0 0 1 0 0 1 0 0 0 0 0 0 0 1 1 0 1 0 0 0 0 0 FALSE
NC_035107.1 165166630 37 1_Ghana_1_1 2.06115362243856e-09 0 0 0 0 0 1 0 1 1 0 1 0 1 0 0 0 0 0 0 0 1 0 0 1 0 0 0 0 0 0 0 1 1 0 1 0 0 0 0 0 FALSE
NC_035107.1 165185526 38 1_Ghana_1_1 2.06115362243856e-09 0 0 0 0 0 1 0 1 1 0 1 0 1 0 0 0 0 0 0 0 1 0 0 1 0 0 0 0 0 0 0 1 1 0 1 0 0 0 0 0 FALSE
NC_035107.1 165187620 39 1_Ghana_1_1 2.06115362243856e-09 0 0 0 0 0 1 0 1 1 0 1 0 1 0 0 0 0 0 0 0 1 0 0 1 0 0 0 0 0 0 0 1 1 0 1 0 0 0 0 0 FALSE
NC_035107.1 165187746 40 1_Ghana_1_1 2.06115362243856e-09 0 0 0 0 0 1 0 1 1 0 1 0 1 0 0 0 0 0 0 0 1 0 0 1 0 0 1 0 0 0 0 1 1 0 1 0 0 1 0 0 FALSE
NC_035107.1 165191750 41 1_Ghana_1_1 2.06115362243856e-09 0 0 0 0 0 1 0 1 1 0 1 0 1 0 0 0 0 0 0 0 1 0 0 1 0 0 1 0 0 0 0 1 1 0 1 0 0 1 0 0 FALSE
NC_035107.1 165192320 42 1_Ghana_1_1 2.06115362243856e-09 0 0 0 0 0 1 0 1 1 0 1 0 1 0 0 0 0 0 0 0 1 0 0 1 0 0 0 0 0 0 0 1 1 0 1 0 0 0 0 0 FALSE
NC_035107.1 165192586 43 1_Ghana_1_1 2.06115362243856e-09 0 0 0 0 0 1 0 1 1 0 1 0 1 0 0 0 0 0 0 0 1 0 0 1 0 0 0 0 0 0 0 1 1 0 1 0 0 0 0 0 FALSE
NC_035107.1 165203136 44 1_Ghana_1_1 2.06115362243856e-09 0 0 0 0 0 1 0 1 1 0 1 0 1 0 0 0 0 0 0 0 1 0 0 1 0 0 0 0 0 0 0 1 1 0 1 0 0 0 0 0 FALSE
NC_035107.1 165218789 45 1_Ghana_1_1 2.06115362243856e-09 0 0 0 0 0 1 0 1 1 0 1 0 1 0 0 0 0 0 0 0 1 0 0 1 0 0 1 0 0 0 0 1 1 0 1 0 0 1 0 0 FALSE
NC_035107.1 165218825 46 1_Ghana_1_1 2.06115362243856e-09 0 0 0 0 0 1 0 1 1 0 1 0 1 0 0 0 0 0 0 0 1 0 0 1 0 0 0 0 0 0 0 1 1 0 1 0 0 0 0 0 FALSE
NC_035107.1 165226438 47 1_Ghana_1_1 2.06115362243856e-09 0 0 0 0 0 1 0 1 1 0 1 0 1 0 0 0 0 0 0 0 1 0 0 1 0 0 0 0 0 0 0 1 1 0 1 0 0 0 0 0 FALSE
NC_035107.1 165226811 48 1_Ghana_1_1 2.06115362243856e-09 0 0 0 0 0 1 0 1 1 0 1 0 1 0 0 0 0 0 0 0 1 0 0 1 0 0 1 0 0 0 0 1 1 0 1 0 0 1 0 0 FALSE
NC_035107.1 165227518 49 1_Ghana_1_1 2.06115362243856e-09 0 0 0 0 0 1 0 1 1 0 1 0 1 0 0 0 0 0 0 0 1 0 0 1 0 0 1 0 0 0 0 1 1 0 1 0 0 1 0 0 FALSE
NC_035107.1 165228079 50 1_Ghana_1_1 2.06115362243856e-09 0 0 0 0 0 1 0 1 1 0 1 0 1 0 0 0 0 0 0 0 1 0 0 1 0 0 1 0 0 0 0 1 1 0 1 0 0 1 0 0 FALSE
NC_035107.1 165237826 51 1_Ghana_1_1 2.06115362243856e-09 0 0 0 0 0 1 0 1 1 0 1 0 1 0 0 0 0 0 0 0 1 0 0 1 0 0 0 0 0 0 0 1 1 0 1 0 0 0 0 0 FALSE
NC_035107.1 165262366 52 1_Ghana_1_1 2.06115362243856e-09 0 0 0 0 0 1 0 1 1 0 1 0 1 0 0 0 0 0 0 0 1 0 0 1 0 0 0 0 0 0 0 1 1 0 1 0 0 0 0 0 FALSE
NC_035107.1 165274342 53 1_Ghana_1_1 2.06115362243856e-09 0 0 0 0 0 1 0 1 1 0 1 0 1 0 0 0 0 0 0 0 1 0 0 1 0 0 1 0 0 0 0 1 1 0 1 0 0 1 0 0 FALSE
NC_035107.1 165281093 54 1_Ghana_1_1 2.06115362243856e-09 0 0 0 0 0 1 0 1 1 0 1 0 1 0 0 0 0 0 0 0 1 0 0 1 0 0 0 0 0 0 0 1 1 0 1 0 0 0 0 0 FALSE
NC_035107.1 165281207 55 1_Ghana_1_1 2.06115362243856e-09 0 0 0 0 0 1 0 1 1 0 1 0 1 0 0 0 0 0 0 0 1 0 0 1 0 0 0 0 0 0 0 1 1 0 1 0 0 0 0 0 FALSE
NC_035107.1 165297666 56 1_Ghana_1_1 2.06115362243856e-09 0 0 0 0 0 1 0 1 1 0 1 0 1 0 0 0 0 0 0 0 1 0 0 1 0 0 0 0 0 0 0 1 1 0 1 0 0 0 0 0 FALSE
NC_035107.1 165297997 57 1_Ghana_1_1 2.06115362243856e-09 0 0 0 0 0 1 0 1 1 0 1 0 1 0 0 0 0 0 0 0 1 0 0 1 0 0 0 0 0 0 0 1 1 0 1 0 0 0 0 0 FALSE
NC_035107.1 165301145 58 1_Ghana_1_1 2.06115362243856e-09 0 0 0 0 0 1 0 1 1 0 1 0 1 0 0 0 0 0 0 0 1 0 0 1 0 0 0 0 0 0 0 1 1 0 1 0 0 0 0 0 FALSE
NC_035107.1 165301667 59 1_Ghana_1_1 2.06115362243856e-09 0 0 0 0 0 1 0 1 1 0 1 0 1 0 0 0 0 0 0 0 1 0 0 1 0 0 0 0 0 0 0 1 1 0 1 0 0 0 0 0 FALSE
NC_035107.1 165370438 60 1_Ghana_1_1 2.06115362243856e-09 0 0 0 0 0 1 0 1 1 0 1 0 1 0 0 0 0 0 0 0 1 0 0 1 0 0 1 0 0 0 0 1 1 0 1 0 0 1 0 0 FALSE
NC_035107.1 165402509 61 1_Ghana_1_1 2.06115362243856e-09 0 0 0 0 0 1 0 1 1 0 1 0 1 0 0 0 0 0 0 0 1 0 0 1 0 0 0 0 0 0 0 1 1 0 1 0 0 0 0 0 FALSE
NC_035107.1 165418634 62 1_Ghana_1_1 2.06115362243856e-09 0 0 0 0 0 1 0 1 1 0 1 0 1 0 0 0 0 0 0 0 1 0 0 1 0 0 0 0 0 0 0 1 1 0 1 0 0 0 0 0 FALSE
NC_035107.1 165421683 63 1_Ghana_1_1 2.06115362243856e-09 0 0 0 0 0 1 0 1 1 0 1 0 1 0 0 0 0 0 0 0 1 0 0 1 0 0 0 0 0 0 0 1 1 0 1 0 0 0 0 0 FALSE
NC_035107.1 165440731 64 1_Ghana_1_1 2.06115362243856e-09 0 0 0 0 0 1 0 1 1 0 1 0 1 0 0 0 0 0 0 0 1 0 0 1 0 0 0 0 0 0 0 1 1 0 1 0 0 0 0 0 FALSE
NC_035107.1 165440774 65 1_Ghana_1_1 2.06115362243856e-09 0 0 0 0 0 1 0 1 1 0 1 0 1 0 0 0 0 0 0 0 1 0 0 1 0 0 1 0 0 0 0 1 1 0 1 0 0 1 0 0 FALSE
NC_035107.1 165450981 66 1_Ghana_1_1 2.06115362243856e-09 0 0 0 0 0 1 0 1 1 0 1 0 1 0 0 0 0 0 0 0 1 0 0 1 0 0 0 0 0 0 0 1 1 0 1 0 0 0 0 0 FALSE
NC_035107.1 165544485 67 1_Ghana_1_1 2.06115362243856e-09 0 0 0 0 0 1 0 1 1 0 1 0 1 0 0 0 0 0 0 0 1 0 0 1 0 0 0 0 0 0 0 1 1 0 1 0 0 0 0 0 FALSE
NC_035107.1 165547970 68 1_Ghana_1_1 2.06115362243856e-09 0 0 0 0 0 1 0 1 1 0 1 0 1 0 0 0 0 0 0 0 1 0 0 1 0 0 0 0 0 0 0 1 1 0 1 0 0 0 0 0 FALSE
NC_035107.1 165632024 69 1_Ghana_1_1 2.06115362243856e-09 0 0 0 0 0 1 0 1 1 0 1 0 1 0 0 0 0 0 0 0 1 0 0 1 0 0 0 0 0 0 0 1 1 0 1 0 0 0 0 0 FALSE
NC_035107.1 165632120 70 1_Ghana_1_1 2.06115362243856e-09 0 0 0 0 0 1 0 1 1 0 1 0 1 0 0 0 0 0 0 0 1 0 0 1 0 0 0 0 0 0 0 1 1 0 1 0 0 0 0 0 FALSE
NC_035107.1 165635787 71 1_Ghana_1_1 2.06115362243856e-09 0 0 0 0 0 1 0 1 1 0 1 0 1 0 0 0 0 0 0 0 1 0 0 1 0 0 0 0 0 0 0 1 1 0 1 0 0 0 0 0 FALSE
NC_035107.1 165720225 72 1_Ghana_1_1 2.06115362243856e-09 0 0 0 0 0 1 0 1 1 0 1 0 1 0 0 0 0 0 0 0 1 0 0 1 0 0 0 0 0 0 0 1 1 0 1 0 0 0 0 0 FALSE
NC_035107.1 165756569 73 1_Ghana_1_1 2.06115362243856e-09 0 0 0 0 0 1 0 1 1 0 1 0 1 0 0 0 0 0 0 0 1 0 0 1 0 0 1 0 0 0 0 1 1 0 1 0 0 1 0 0 FALSE
NC_035107.1 165768318 74 1_Ghana_1_1 2.06115362243856e-09 0 0 0 0 0 1 0 1 1 0 1 0 1 0 0 0 0 0 0 0 1 0 0 1 0 0 0 0 0 0 0 1 1 0 1 0 0 0 0 0 FALSE
NC_035107.1 165769313 75 1_Ghana_1_1 2.06115362243856e-09 0 0 0 0 0 1 0 1 1 0 1 0 1 0 0 0 0 0 0 0 1 0 0 1 0 0 1 0 0 0 0 1 1 0 1 0 0 1 0 0 FALSE
NC_035107.1 165769363 76 1_Ghana_1_1 2.06115362243856e-09 0 0 0 0 0 1 0 1 1 0 1 0 1 0 0 0 0 0 0 0 1 0 0 1 0 0 0 0 0 0 0 1 1 0 1 0 0 0 0 0 FALSE
NC_035107.1 165774338 77 1_Ghana_1_1 2.06115362243856e-09 0 0 0 0 0 1 0 1 1 0 1 0 1 0 0 0 0 0 0 0 1 0 0 1 0 0 0 0 0 0 0 1 1 0 1 0 0 0 0 0 FALSE
NC_035107.1 165774456 78 1_Ghana_1_1 2.06115362243856e-09 0 0 0 0 0 1 0 1 1 0 1 0 1 0 0 0 0 0 0 0 1 0 0 1 0 0 0 0 0 0 0 1 1 0 1 0 0 0 0 0 FALSE
NC_035107.1 165788961 79 1_Ghana_1_1 2.06115362243856e-09 0 0 0 0 0 1 0 1 1 0 1 0 1 0 0 0 0 0 0 0 1 0 0 1 0 0 0 0 0 0 0 1 1 0 1 0 0 0 0 0 FALSE
NC_035107.1 165789010 80 1_Ghana_1_1 2.06115362243856e-09 0 0 0 0 0 1 0 1 1 0 1 0 1 0 0 0 0 0 0 0 1 0 0 1 0 0 0 0 0 0 0 1 1 0 1 0 0 0 0 0 FALSE
NC_035107.1 165789052 81 1_Ghana_1_1 2.06115362243856e-09 0 0 0 0 0 1 0 1 1 0 1 0 1 0 0 0 0 0 0 0 1 0 0 1 0 0 0 0 0 0 0 1 1 0 1 0 0 0 0 0 FALSE
NC_035107.1 165795439 82 1_Ghana_1_1 2.06115362243856e-09 0 0 0 0 0 1 0 1 1 0 1 0 1 0 0 0 0 0 0 0 1 0 0 1 0 0 0 0 0 0 0 1 1 0 1 0 0 0 0 0 FALSE
NC_035107.1 165795489 83 1_Ghana_1_1 2.06115362243856e-09 0 0 0 0 0 1 0 1 1 0 1 0 1 0 0 0 0 0 0 0 1 0 0 1 0 0 0 0 0 0 0 1 1 0 1 0 0 0 0 0 FALSE
NC_035107.1 165795602 84 1_Ghana_1_1 2.06115362243856e-09 0 0 0 0 0 1 0 1 1 0 1 0 1 0 0 0 0 0 0 0 1 0 0 1 0 0 0 0 0 0 0 1 1 0 1 0 0 0 0 0 FALSE
NC_035107.1 165795617 85 1_Ghana_1_1 2.06115362243856e-09 0 0 0 0 0 1 0 1 1 0 1 0 1 0 0 0 0 0 0 0 1 0 0 1 0 0 0 0 0 0 0 1 1 0 1 0 0 0 0 0 FALSE
NC_035107.1 165797779 86 1_Ghana_1_1 2.06115362243856e-09 0 0 0 0 0 1 0 1 1 0 1 0 1 0 0 0 0 0 0 0 1 0 0 1 0 0 1 0 0 0 0 1 1 0 1 0 0 1 0 0 FALSE
NC_035107.1 165798052 87 1_Ghana_1_1 2.06115362243856e-09 0 0 0 0 0 1 0 1 1 0 1 0 1 0 0 0 0 0 0 0 1 0 0 1 0 0 1 0 0 0 0 1 1 0 1 0 0 1 0 0 FALSE
NC_035107.1 165802884 88 1_Ghana_1_1 2.06115362243856e-09 0 0 0 0 0 1 0 1 1 0 1 0 1 0 0 0 0 0 0 0 1 0 0 1 0 0 0 0 0 0 0 1 1 0 1 0 0 0 0 0 FALSE
NC_035107.1 165818939 89 1_Ghana_1_1 2.06115362243856e-09 0 0 0 0 0 1 0 1 1 0 1 0 1 0 0 0 0 0 0 0 1 0 0 1 0 0 0 0 0 0 0 1 1 0 1 0 0 0 0 0 FALSE
NC_035107.1 165819231 90 1_Ghana_1_1 2.06115362243856e-09 0 0 0 0 0 1 0 1 1 0 1 0 1 0 0 0 0 0 0 0 1 0 0 1 0 0 1 0 0 0 0 1 1 0 1 0 0 1 0 0 FALSE
NC_035107.1 165819435 91 1_Ghana_1_1 2.06115362243856e-09 0 0 0 0 0 1 0 1 1 0 1 0 1 0 0 0 0 0 0 0 1 0 0 1 0 0 1 0 0 0 0 1 1 0 1 0 0 1 0 0 FALSE
NC_035107.1 165819930 92 1_Ghana_1_1 2.06115362243856e-09 0 0 0 0 0 1 0 1 1 0 1 0 1 0 0 0 0 0 0 0 1 0 0 1 0 0 0 0 0 0 0 1 1 0 1 0 0 0 0 0 FALSE
NC_035107.1 165819952 93 1_Ghana_1_1 2.06115362243856e-09 0 0 0 0 0 1 0 1 1 0 1 0 1 0 0 0 0 0 0 0 1 0 0 1 0 0 0 0 0 0 0 1 1 0 1 0 0 0 0 0 FALSE
NC_035107.1 165824078 94 1_Ghana_1_1 2.06115362243856e-09 0 0 0 0 0 1 0 1 1 0 1 0 1 0 0 0 0 0 0 0 1 0 0 1 0 0 0 0 0 0 0 1 1 0 1 0 0 0 0 0 FALSE
NC_035107.1 165824106 95 1_Ghana_1_1 2.06115362243856e-09 0 0 0 0 0 1 0 1 1 0 1 0 1 0 0 0 0 0 0 0 1 0 0 1 0 0 0 0 0 0 0 1 1 0 1 0 0 0 0 0 FALSE
