chrom pos i inv assoc Debug01-REPREP-05042017-aegy-La_Lope-Gabon-1 Debug01-REPREP-05042017-aegy-La_Lope-Gabon-10 Debug01-REPREP-05042017-aegy-La_Lope-Gabon-11 Debug01-REPREP-05042017-aegy-La_Lope-Gabon-12 Debug01-REPREP-05042017-aegy-La_Lope-Gabon-13 Debug01-REPREP-05042017-aegy-La_Lope-Gabon-14 Debug01-REPREP-05042017-aegy-La_Lope-Gabon-15 Debug01-REPREP-05042017-aegy-La_Lope-Gabon-16 Debug01-REPREP-05042017-aegy-La_Lope-Gabon-17 Debug01-REPREP-05042017-aegy-La_Lope-Gabon-18 Debug01-REPREP-05042017-aegy-La_Lope-Gabon-2 Debug01-REPREP-05042017-aegy-La_Lope-Gabon-20 Debug01-REPREP-05042017-aegy-La_Lope-Gabon-23 Debug01-REPREP-05042017-aegy-La_Lope-Gabon-24 Debug01-REPREP-05042017-aegy-La_Lope-Gabon-3 Debug01-REPREP-05042017-aegy-La_Lope-Gabon-4 Debug01-REPREP-05042017-aegy-La_Lope-Gabon-5 Debug01-REPREP-05042017-aegy-La_Lope-Gabon-6 Debug01-REPREP-05042017-aegy-La_Lope-Gabon-7 Debug01-REPREP-05042017-aegy-La_Lope-Gabon-8 Debug01-REPREP-05042017-aegy-La_Lope-Gabon-9 Debug017_aegypti_Franceville_Gabon_F_1 Debug017_aegypti_Franceville_Gabon_F_11 Debug017_aegypti_Franceville_Gabon_F_12 Debug017_aegypti_Franceville_Gabon_F_2 Debug017_aegypti_Franceville_Gabon_F_3 Debug017_aegypti_Franceville_Gabon_F_4 Debug017_aegypti_Franceville_Gabon_F_5 Debug017_aegypti_Franceville_Gabon_F_6 Debug017_aegypti_Franceville_Gabon_F_8 Debug017_aegypti_Franceville_Gabon_F_9 Debug017_aegypti_Franceville_Gabon_M_10 Debug017_aegypti_Franceville_Gabon_M_13 Debug017_aegypti_Franceville_Gabon_M_7 Debug017_aegypti_Libreville_Gabon_F_10 Debug017_aegypti_Libreville_Gabon_F_11 Debug017_aegypti_Libreville_Gabon_F_12 Debug017_aegypti_Libreville_Gabon_F_14 Debug017_aegypti_Libreville_Gabon_F_15 Debug017_aegypti_Libreville_Gabon_F_2 Debug017_aegypti_Libreville_Gabon_F_3 Debug017_aegypti_Libreville_Gabon_F_4 Debug017_aegypti_Libreville_Gabon_F_5 Debug017_aegypti_Libreville_Gabon_F_6 Debug017_aegypti_Libreville_Gabon_F_7 Debug017_aegypti_Libreville_Gabon_F_8 Debug017_aegypti_Libreville_Gabon_M_13 Debug017_aegypti_Libreville_Gabon_M_9 Debug017_aegypti_LopeVillage_Gabon_F_1 Debug017_aegypti_LopeVillage_Gabon_F_15 Debug017_aegypti_LopeVillage_Gabon_F_2 Debug017_aegypti_LopeVillage_Gabon_F_3 Debug017_aegypti_LopeVillage_Gabon_F_4 Debug017_aegypti_LopeVillage_Gabon_F_5 Debug017_aegypti_LopeVillage_Gabon_F_6 Debug017_aegypti_LopeVillage_Gabon_F_7 Debug017_aegypti_LopeVillage_Gabon_F_8 Debug017_aegypti_LopeVillage_Gabon_F_9 Debug017_aegypti_LopeVillage_Gabon_M_10 Debug017_aegypti_LopeVillage_Gabon_M_11 Debug017_aegypti_LopeVillage_Gabon_M_12 Debug017_aegypti_LopeVillage_Gabon_M_13 Debug017_aegypti_LopeVillage_Gabon_M_14 La_Lope_Gabon-_19 include
NC_035107.1 1189061 1 1_Gabon_1_1 2.96025627436931e-14 2 2 2 1 2 2 2 2 2 2 1 1 0 0 2 2 2 2 2 2 2 2 2 2 1 2 2 1 2 1 2 2 2 2 1 2 2 2 1 2 2 0 1 2 1 1 1 0 0 0 0 2 2 1 0 0 1 1 1 2 1 1 0 2 FALSE
NC_035107.1 1189292 2 1_Gabon_1_1 9.45086603347447e-17 2 2 2 1 2 2 2 2 2 2 1 0 0 0 2 2 2 2 2 2 2 2 2 2 1 2 2 0 2 1 2 2 2 2 1 1 2 2 1 1 2 0 1 2 1 1 1 0 0 0 0 1 1 1 1 0 1 1 1 1 1 0 0 2 FALSE
NC_035107.1 1239868 3 1_Gabon_1_1 4.27494476755335e-13 2 2 1 1 2 2 2 2 2 2 1 0 0 0 2 2 2 2 2 2 2 2 1 2 1 1 2 1 2 0 1 2 1 1 1 0 2 2 0 2 2 0 0 1 1 1 1 1 0 0 0 0 1 0 0 0 0 0 0 0 1 1 0 2 FALSE
NC_035107.1 1271889 4 1_Gabon_1_1 6.53361156788813e-24 2 2 2 1 2 2 2 2 2 2 1 0 0 0 2 2 2 2 2 2 2 2 2 1 1 2 2 0 2 1 2 2 2 2 1 0 2 2 1 2 2 0 1 1 1 1 1 0 0 0 1 0 1 0 0 0 0 1 0 0 1 0 0 2 FALSE
NC_035107.1 1569392 5 1_Gabon_1_1 4.6501335258363e-21 2 2 2 1 2 2 2 2 2 2 1 0 0 1 2 2 2 2 2 2 2 2 2 2 1 1 2 0 2 1 2 2 2 2 0 1 2 2 1 2 2 0 1 1 1 1 1 0 0 0 0 0 1 0 0 0 0 1 0 0 1 0 0 2 FALSE
NC_035107.1 2742082 6 1_Gabon_1_1 7.08313011741255e-14 2 2 2 1 1 2 2 2 1 1 0 0 0 0 1 1 2 1 1 1 1 2 2 1 1 2 2 0 1 1 1 2 2 2 1 0 0 2 1 1 2 0 1 1 1 1 1 0 0 0 0 1 1 0 0 0 0 1 0 0 1 0 0 2 FALSE
NC_035107.1 2877960 7 1_Gabon_1_1 7.93881182777245e-14 2 2 1 1 1 2 2 1 2 2 1 0 0 0 2 2 2 2 2 0 2 2 2 1 1 2 2 0 2 1 2 1 2 2 1 0 1 2 1 1 1 0 1 1 1 1 0 0 0 0 0 0 0 0 0 1 0 1 0 0 0 0 0 2 FALSE
NC_035107.1 3229619 8 1_Gabon_1_1 1.19733830992476e-15 2 2 2 1 2 1 1 2 2 2 1 0 0 0 2 1 2 1 1 2 1 1 1 2 1 2 1 0 1 0 2 0 1 2 1 0 2 2 1 2 2 0 1 1 1 1 1 0 0 0 0 0 1 0 0 0 0 1 0 0 1 0 0 2 FALSE
NC_035107.1 3906377 9 1_Gabon_1_1 3.23543213587279e-13 2 2 2 2 2 2 2 2 2 2 2 0 0 0 2 2 2 2 2 1 2 2 2 2 1 2 2 1 2 1 2 2 2 2 1 2 2 1 1 2 2 0 1 0 1 1 1 0 0 0 1 1 1 0 0 0 1 1 1 1 1 0 0 2 FALSE
NC_035107.1 3995514 10 1_Gabon_1_1 1.10379856425493e-19 2 2 2 1 2 2 2 2 2 2 1 0 0 0 2 1 2 2 2 2 2 2 2 1 1 2 2 0 2 1 0 2 2 2 1 0 2 1 1 2 2 0 1 1 1 1 1 2 0 0 0 0 1 0 0 0 0 1 1 0 1 0 0 2 FALSE
NC_035107.1 4433662 11 1_Gabon_1_1 5.23658092963983e-18 2 2 2 1 2 2 2 2 2 2 1 0 0 1 2 2 2 2 2 2 2 2 2 2 1 2 2 1 2 1 2 2 2 2 1 0 2 2 1 2 1 0 1 2 2 1 1 0 0 0 0 0 1 0 0 0 0 1 1 1 1 0 0 2 FALSE
NC_035107.1 4433858 12 1_Gabon_1_1 2.73104318557526e-19 2 2 2 1 2 2 2 2 2 1 1 0 0 0 2 2 1 2 1 2 2 2 2 2 0 2 1 0 2 1 1 2 2 2 1 0 2 2 1 2 1 0 1 1 1 1 1 0 0 0 0 0 1 0 0 0 0 1 0 0 1 0 0 2 FALSE
NC_035107.1 5561500 13 1_Gabon_1_1 1.31373436037197e-20 2 2 2 1 2 1 2 2 2 2 1 0 0 0 1 2 2 2 2 2 2 2 2 0 1 2 2 0 2 1 2 2 2 2 1 0 2 2 1 1 2 0 0 1 1 1 1 0 0 0 0 0 1 0 0 0 0 1 0 0 1 0 0 2 FALSE
NC_035107.1 5666393 14 1_Gabon_1_1 7.07128537518051e-14 2 2 2 1 1 2 2 2 2 2 1 1 1 0 2 2 2 2 2 2 2 2 2 2 1 1 2 0 2 1 2 2 1 1 1 0 2 2 2 2 2 0 1 2 1 1 2 0 0 1 0 0 2 0 0 0 0 1 0 0 1 1 0 2 FALSE
NC_035107.1 5746627 15 1_Gabon_1_1 1.13076572392543e-15 1 2 2 1 2 1 2 2 2 1 1 0 0 0 2 2 2 2 2 2 2 2 1 2 1 2 2 0 2 1 1 2 2 2 0 0 2 2 1 1 2 0 1 1 1 0 1 0 0 0 0 0 1 0 0 0 0 0 0 0 2 0 0 2 FALSE
NC_035107.1 5746664 16 1_Gabon_1_1 3.17599985883669e-14 1 2 2 1 2 1 2 2 2 2 1 0 0 0 2 2 2 2 2 2 2 2 1 2 1 2 2 0 2 1 1 2 2 2 0 0 2 2 1 1 2 0 2 1 1 0 1 0 0 1 1 0 1 0 0 0 0 0 0 0 1 0 0 2 FALSE
NC_035107.1 5753507 17 1_Gabon_1_1 6.31036198376234e-22 2 2 2 1 2 2 2 2 2 2 1 0 0 0 2 0 1 2 2 2 2 0 2 2 1 2 2 0 2 2 2 2 2 2 1 0 2 2 1 2 2 0 1 1 1 1 1 0 0 0 0 0 1 0 0 0 0 1 0 0 1 0 0 2 FALSE
NC_035107.1 5811696 18 1_Gabon_1_1 3.59882905609542e-13 2 2 2 1 1 2 2 2 2 2 1 0 0 1 2 2 1 2 2 2 1 2 1 2 1 2 2 2 2 1 1 2 2 1 1 0 1 2 1 2 1 1 1 0 1 1 1 0 0 1 1 0 1 0 0 0 0 1 0 0 1 0 0 2 FALSE
NC_035107.1 5832225 19 1_Gabon_1_1 7.69478265684881e-15 2 2 2 1 2 2 2 2 2 2 1 0 0 0 2 1 1 1 2 2 1 1 1 1 1 1 1 0 1 0 2 2 1 1 1 0 2 2 1 2 1 0 1 0 1 1 1 0 0 0 0 0 1 0 0 0 0 1 0 0 1 0 0 2 FALSE
NC_035107.1 6018426 20 1_Gabon_1_1 1.55765724103454e-13 2 2 2 2 2 2 2 2 1 2 2 0 0 0 2 1 1 2 2 2 2 2 2 1 1 2 2 1 1 1 2 1 2 1 1 0 2 2 1 2 2 0 1 1 1 1 1 0 0 0 0 0 1 1 0 0 0 0 0 0 1 0 1 2 FALSE
NC_035107.1 6642502 21 1_Gabon_1_1 2.95721647995956e-14 2 2 2 1 1 2 1 2 2 2 0 0 0 0 2 2 0 1 2 2 2 2 2 1 2 2 2 0 2 1 2 2 1 1 1 0 2 2 1 2 1 0 1 1 1 1 1 0 0 0 0 0 2 0 0 0 0 0 0 0 1 0 0 2 FALSE
NC_035107.1 6772605 22 1_Gabon_1_1 4.47101982732897e-18 2 1 2 1 2 2 2 2 2 2 1 0 0 0 2 2 2 2 2 2 2 2 2 2 1 2 2 1 2 1 2 2 2 2 1 1 2 2 1 2 2 0 1 1 1 2 1 1 0 0 0 0 1 2 0 0 0 1 0 0 1 0 1 2 FALSE
NC_035107.1 7074477 23 1_Gabon_1_1 2.15568176713677e-16 2 2 2 1 1 2 2 2 2 2 1 1 1 0 2 2 2 2 2 2 2 2 2 2 1 2 2 0 2 2 2 2 2 2 1 0 2 2 1 2 2 0 1 1 1 2 1 1 0 1 0 0 1 0 0 0 0 1 1 0 1 1 0 2 FALSE
NC_035107.1 7088635 24 1_Gabon_1_1 7.38614011455329e-14 2 2 2 1 2 2 2 2 2 2 1 0 1 0 2 2 1 2 2 2 2 2 2 2 1 2 2 0 2 1 2 2 2 2 1 1 2 2 1 2 2 0 1 1 1 2 1 1 1 1 0 1 1 0 1 1 1 1 2 1 1 0 0 2 FALSE
NC_035107.1 7089631 25 1_Gabon_1_1 6.07922903603622e-16 1 2 2 1 1 2 1 2 2 2 1 0 0 0 2 2 2 2 1 1 2 1 2 1 1 2 2 0 2 1 2 1 2 2 1 0 2 1 1 2 1 0 1 1 0 0 1 0 0 0 0 0 1 0 0 0 0 1 0 0 1 0 0 2 FALSE
NC_035107.1 7129428 26 1_Gabon_1_1 7.34864735035835e-14 1 2 2 1 2 2 1 1 2 2 1 0 0 0 2 2 2 2 1 0 2 1 2 1 1 1 2 0 1 1 2 1 2 2 1 0 1 1 0 2 1 0 1 1 1 0 1 0 0 0 0 0 1 0 0 0 0 1 0 0 1 0 0 1 FALSE
NC_035107.1 7150848 27 1_Gabon_1_1 5.15894146876881e-14 2 2 2 1 2 2 2 1 1 2 1 0 0 0 2 2 2 2 2 0 2 2 2 2 1 2 2 0 2 1 2 2 1 2 1 0 2 2 1 2 2 0 1 1 1 2 1 1 0 1 1 0 0 2 0 1 0 1 0 0 1 0 0 2 FALSE
NC_035107.1 7708595 28 1_Gabon_1_1 1.67338568380654e-13 2 2 1 1 2 2 2 2 2 2 1 0 0 1 2 2 2 2 2 2 2 2 1 2 1 2 2 1 2 0 2 2 1 2 1 0 2 2 1 2 2 2 1 1 1 1 1 0 0 1 0 1 1 0 0 0 0 1 1 0 2 0 1 2 FALSE
NC_035107.1 7974707 29 1_Gabon_1_1 1.46127062238999e-14 1 2 1 1 2 1 2 1 2 2 1 0 0 0 2 2 2 1 2 2 1 1 2 2 0 1 2 0 2 1 2 2 1 1 1 0 0 2 1 2 1 0 1 1 1 1 1 0 0 0 0 0 1 0 0 0 0 1 0 0 0 0 0 2 FALSE
NC_035107.1 9313432 30 1_Gabon_1_1 2.89562792537267e-13 2 2 2 1 2 2 2 1 2 2 1 0 0 1 2 2 2 2 2 2 2 1 2 2 1 2 2 2 1 1 2 1 2 2 1 0 2 2 1 2 2 0 1 2 2 1 1 0 0 0 1 0 1 1 0 0 1 1 0 0 1 1 0 1 FALSE
NC_035107.1 9315771 31 1_Gabon_1_1 6.11885686726666e-20 2 2 2 1 2 2 2 2 2 2 1 0 0 1 2 2 2 2 2 2 2 2 2 2 1 2 2 1 2 1 2 2 2 2 1 0 2 2 1 2 2 0 1 1 1 1 1 0 0 0 1 0 0 0 0 0 0 1 0 0 1 1 0 2 FALSE
NC_035107.1 9350458 32 1_Gabon_1_1 8.97529742749846e-14 2 2 2 1 2 2 2 2 2 2 1 0 1 0 2 2 2 2 2 2 2 2 2 2 1 2 2 1 2 1 2 2 2 2 1 0 2 2 1 2 2 0 1 1 1 2 1 1 1 0 0 1 1 1 1 0 1 1 1 1 2 0 2 2 FALSE
NC_035107.1 9705877 33 1_Gabon_1_1 1.1485947525189e-17 2 0 2 1 1 2 2 2 2 1 1 0 0 0 2 2 2 2 2 2 2 2 2 2 1 2 2 0 2 1 1 2 2 1 1 0 1 2 1 2 2 0 1 1 0 1 1 0 0 0 0 0 0 0 0 0 0 1 0 0 1 0 0 2 FALSE
NC_035107.1 9706038 34 1_Gabon_1_1 5.48241554771833e-20 1 2 2 1 2 2 2 1 2 2 1 0 0 0 2 2 2 2 2 2 2 2 2 2 1 2 2 0 2 1 1 2 2 1 1 0 1 2 1 2 2 0 1 1 1 1 1 0 0 0 0 0 0 0 0 0 0 1 0 0 1 0 0 2 FALSE
NC_035107.1 9937379 35 1_Gabon_1_1 9.41824365585186e-16 2 2 2 1 2 2 1 2 2 1 1 0 0 0 2 1 2 2 2 2 2 2 2 2 1 1 1 0 2 1 1 2 2 2 0 0 1 2 0 1 2 0 1 1 1 1 2 0 0 0 0 0 1 0 0 0 0 1 0 0 1 0 0 2 FALSE
NC_035107.1 10212991 36 1_Gabon_1_1 2.11839111205843e-13 2 2 2 2 2 2 2 2 1 1 2 0 0 0 2 2 2 2 2 1 1 2 1 2 1 1 2 0 2 1 1 2 2 2 0 0 1 2 0 2 1 0 1 1 0 1 1 0 0 0 0 0 1 0 0 0 0 1 0 0 1 0 0 2 FALSE
NC_035107.1 11282409 37 1_Gabon_1_1 1.05359799608175e-13 2 2 1 0 2 1 2 2 1 1 0 0 0 0 0 2 2 1 2 2 2 2 2 2 1 2 2 0 2 1 1 2 2 2 1 0 2 2 2 2 2 0 1 1 1 1 2 0 0 0 0 0 1 0 1 0 0 1 0 0 1 0 0 2 FALSE
NC_035107.1 11668536 38 1_Gabon_1_1 1.3231167844322e-13 1 1 2 1 1 2 2 2 1 2 1 1 0 0 2 2 1 2 2 1 2 2 2 0 2 2 2 0 1 1 1 1 2 1 1 0 2 2 0 1 2 0 1 1 1 1 1 0 0 0 0 0 1 0 0 0 0 1 0 0 1 0 0 2 FALSE
NC_035107.1 11668793 39 1_Gabon_1_1 9.63677648638449e-17 1 1 2 1 1 2 2 2 2 2 1 0 0 0 2 2 1 2 2 1 2 2 2 0 1 1 2 0 1 1 2 2 2 1 1 0 2 1 1 2 2 0 1 1 1 1 1 0 0 0 0 0 2 0 0 0 0 1 0 0 1 0 0 2 FALSE
NC_035107.1 11858567 40 1_Gabon_1_1 2.44212971410554e-15 2 2 2 1 2 1 2 2 1 1 1 0 0 0 2 2 2 2 2 0 2 2 2 1 1 2 2 0 1 1 2 2 2 1 0 0 2 2 1 2 1 0 0 1 1 1 1 0 0 0 0 0 1 0 0 0 0 1 0 0 0 0 0 2 FALSE
NC_035107.1 11858613 41 1_Gabon_1_1 2.23969629130097e-13 2 2 2 1 2 1 2 2 1 1 1 0 0 0 2 2 2 2 2 0 2 2 2 1 1 2 2 0 1 1 2 2 2 1 0 0 2 2 1 2 1 0 0 1 1 1 1 1 0 0 0 0 1 0 0 1 0 1 0 0 0 0 0 2 FALSE
NC_035107.1 11888067 42 1_Gabon_1_1 8.29997551520903e-14 2 2 2 1 1 2 1 2 0 2 1 0 0 0 2 2 2 2 1 1 2 2 2 1 1 2 2 0 1 1 2 1 2 2 1 0 2 1 1 2 2 0 0 0 1 1 1 0 0 0 0 0 2 0 0 0 0 2 0 0 1 0 0 2 FALSE
NC_035107.1 12497282 43 1_Gabon_1_1 8.13757521965357e-16 2 2 2 1 2 2 1 2 2 2 1 0 0 0 2 2 2 2 2 2 2 1 2 2 1 1 2 0 1 2 2 2 2 2 2 0 2 2 1 2 2 0 1 1 1 1 1 0 0 2 1 0 1 0 1 0 0 1 0 0 1 0 0 1 FALSE
NC_035107.1 12617523 44 1_Gabon_1_1 6.9986945997934e-14 2 2 2 1 2 2 2 2 1 2 1 0 0 0 2 1 0 1 2 1 0 2 2 2 1 1 2 0 2 2 2 2 1 2 1 0 1 2 1 1 2 0 1 1 1 1 1 0 0 0 0 0 0 0 0 0 0 1 0 0 0 0 0 2 FALSE
NC_035107.1 13050264 45 1_Gabon_1_1 3.57660503326261e-13 2 2 2 1 1 2 2 2 1 2 1 0 0 1 2 1 2 2 2 2 2 1 2 2 1 2 1 0 2 1 1 2 1 2 1 0 2 2 0 1 2 0 1 1 1 1 0 0 1 0 0 0 1 0 0 0 0 1 0 1 1 1 0 2 FALSE
NC_035107.1 13053353 46 1_Gabon_1_1 8.51354307683504e-19 2 2 2 1 2 2 2 2 2 2 1 0 1 0 2 1 2 2 2 2 1 1 2 2 1 2 2 2 1 1 2 2 2 2 1 0 2 2 1 2 2 0 1 1 1 1 1 0 0 0 1 0 1 0 0 0 0 1 0 0 1 0 0 2 FALSE
NC_035107.1 13068438 47 1_Gabon_1_1 1.50025554843052e-13 2 1 1 0 1 1 2 2 1 1 0 0 0 0 0 1 1 2 2 1 1 1 2 2 1 2 2 0 2 1 2 1 1 1 1 0 2 2 1 2 2 0 1 1 1 1 1 0 0 0 0 0 1 0 0 0 0 1 0 0 1 0 0 2 FALSE
NC_035107.1 13093805 48 1_Gabon_1_1 8.43006769105956e-16 2 2 2 1 1 1 2 2 2 2 1 0 0 0 2 1 1 2 2 1 2 2 2 2 1 2 1 0 1 1 2 2 2 1 1 0 2 2 1 2 2 0 1 0 1 0 1 0 0 0 0 0 1 0 0 0 1 1 0 0 1 0 0 2 FALSE
NC_035107.1 13147707 49 1_Gabon_1_1 7.0321350554797e-16 2 2 2 1 2 1 2 2 2 2 1 0 0 0 2 1 2 2 2 2 1 2 1 1 1 2 2 0 2 1 2 2 1 1 1 0 2 1 1 2 2 0 1 1 1 0 1 0 0 0 0 0 0 0 0 0 0 1 0 0 1 0 0 0 FALSE
NC_035107.1 13148484 50 1_Gabon_1_1 1.49882372612614e-14 2 2 1 1 1 1 2 2 2 2 1 0 0 0 2 1 2 2 2 1 1 2 1 1 1 2 1 0 1 1 2 1 1 1 1 0 2 1 1 2 2 0 1 1 1 0 1 0 0 0 0 0 1 0 0 0 0 1 0 0 1 0 0 0 FALSE
NC_035107.1 13546795 51 1_Gabon_1_1 6.19821793148725e-15 2 2 2 1 2 2 1 2 2 2 1 0 0 0 2 2 2 2 2 1 2 2 2 1 0 2 1 0 1 1 2 1 1 2 1 0 2 1 1 1 1 0 1 1 1 0 1 0 0 0 0 0 0 0 0 0 0 1 0 0 1 0 0 2 FALSE
NC_035107.1 13899662 52 1_Gabon_1_1 1.57085145269219e-16 2 2 2 1 2 2 1 2 2 2 1 0 0 0 2 2 2 1 2 1 1 2 2 2 0 2 2 0 1 1 2 2 2 1 1 0 1 2 1 2 2 0 1 1 1 1 1 0 1 0 0 0 1 1 0 0 0 1 0 0 1 0 0 2 FALSE
NC_035107.1 14100540 53 1_Gabon_1_1 2.39498054027758e-18 1 2 1 1 2 2 1 1 2 1 1 0 0 0 2 2 1 2 2 2 2 2 2 2 2 2 2 0 2 1 2 2 2 2 1 0 2 2 1 2 1 0 1 1 1 1 1 0 0 0 0 0 1 0 0 0 0 1 0 0 1 0 0 1 FALSE
NC_035107.1 14292435 54 1_Gabon_1_1 3.37954226168043e-13 2 2 1 1 2 2 2 2 2 2 1 0 0 0 2 2 2 2 2 2 2 2 2 2 0 2 2 0 2 1 2 1 2 2 0 0 2 2 1 1 1 0 2 1 1 0 1 0 1 0 0 1 1 0 0 0 0 1 0 0 2 0 0 1 FALSE
NC_035107.1 14331722 55 1_Gabon_1_1 4.4269491861333e-20 2 2 2 1 2 2 2 2 2 2 1 0 0 0 2 2 2 2 2 2 2 2 2 1 1 2 2 0 2 1 2 2 2 2 1 1 2 1 0 2 2 0 1 1 1 1 1 0 0 0 1 0 1 0 0 0 0 1 0 0 1 0 0 2 FALSE
NC_035107.1 14391173 56 1_Gabon_1_1 8.73154381269409e-16 2 2 1 1 2 2 2 2 2 2 1 0 0 0 1 2 2 1 1 2 1 2 2 2 1 2 2 0 2 1 2 1 2 2 0 0 1 2 1 2 2 0 1 1 1 0 0 0 0 0 0 0 1 0 0 0 0 1 0 0 1 0 0 1 FALSE
NC_035107.1 14407019 57 1_Gabon_1_1 4.65114157224024e-13 2 2 2 2 2 2 2 2 2 2 2 0 0 1 2 2 2 2 1 2 2 2 2 2 0 2 2 0 2 0 2 2 2 2 1 0 2 2 0 2 2 0 1 1 0 1 1 0 0 0 0 1 1 0 0 0 1 1 2 0 1 0 0 2 FALSE
NC_035107.1 14651064 58 1_Gabon_1_1 1.21583218774562e-22 2 2 2 1 2 2 2 2 2 2 1 0 0 0 2 2 2 2 2 2 2 2 2 2 1 2 2 0 2 1 2 2 2 1 1 0 1 2 1 2 2 0 1 1 1 1 0 0 0 0 0 0 1 0 0 0 0 1 0 0 1 0 0 2 FALSE
NC_035107.1 14652623 59 1_Gabon_1_1 4.89705232010517e-14 2 2 2 1 2 2 2 2 2 2 1 0 0 0 2 2 2 2 2 2 2 2 2 2 2 2 2 2 2 1 2 2 2 2 1 0 2 2 0 2 2 0 2 0 1 1 1 0 0 0 0 0 1 0 1 1 2 2 0 0 1 1 0 2 FALSE
NC_035107.1 14678212 60 1_Gabon_1_1 3.34504523625528e-16 2 2 2 1 2 2 1 2 2 2 1 1 0 0 2 2 0 2 2 2 2 2 2 1 1 2 2 1 2 1 2 2 2 2 2 0 2 2 1 1 2 0 1 1 1 1 1 1 0 0 0 0 1 0 0 0 0 2 0 0 1 0 0 2 FALSE
NC_035107.1 14715985 61 1_Gabon_1_1 1.50128474976039e-13 2 2 2 1 2 2 2 2 2 2 1 0 0 0 2 2 2 2 2 2 2 2 2 2 2 2 2 1 2 1 2 2 2 2 1 0 2 2 1 2 2 0 1 1 1 1 1 2 2 1 0 1 1 0 1 1 1 2 1 2 1 0 0 2 FALSE
NC_035107.1 14757356 62 1_Gabon_1_1 1.40759076593114e-13 2 2 2 0 1 1 1 2 1 1 0 0 0 0 2 2 2 2 0 2 2 2 1 2 1 2 2 0 2 1 1 2 2 2 0 0 2 2 1 2 2 0 1 1 1 0 1 0 0 0 0 0 1 0 0 0 0 0 0 0 1 0 0 2 FALSE
NC_035107.1 14818091 63 1_Gabon_1_1 5.46618986369295e-18 2 1 2 1 2 2 2 2 2 2 1 0 0 0 2 2 2 2 2 1 2 1 2 2 1 2 1 0 1 0 2 2 2 2 1 0 2 2 1 1 2 0 1 1 1 1 0 0 0 0 0 0 1 0 0 0 0 1 0 0 1 0 0 2 FALSE
NC_035107.1 14824832 64 1_Gabon_1_1 1.31605741988733e-13 2 2 2 1 2 2 2 2 2 2 1 2 1 1 2 2 2 2 2 2 2 2 2 2 0 2 2 0 2 2 2 2 2 2 2 2 2 2 1 2 2 0 1 2 1 1 1 0 0 0 0 1 1 0 0 0 0 1 1 1 1 0 0 2 FALSE
NC_035107.1 14824898 65 1_Gabon_1_1 2.79757145748637e-21 2 2 2 1 2 2 1 2 2 2 1 0 1 0 2 2 2 2 2 2 2 2 2 2 0 2 2 0 2 1 2 2 2 2 1 0 2 2 1 2 1 0 1 1 1 1 1 0 0 0 0 0 1 0 0 0 0 1 0 0 1 0 0 2 FALSE
NC_035107.1 14829708 66 1_Gabon_1_1 6.44390444457208e-18 2 2 2 1 2 2 2 2 2 2 1 0 0 1 2 2 1 2 2 1 2 1 1 2 1 2 2 0 1 1 2 1 2 2 1 0 2 2 1 2 2 0 1 1 1 1 1 1 0 0 0 0 1 0 0 0 0 1 0 0 1 0 0 1 FALSE
NC_035107.1 14830551 67 1_Gabon_1_1 2.6668646829462e-22 2 2 2 1 2 2 1 2 2 2 1 0 0 0 2 2 2 2 2 2 2 2 2 1 1 2 2 0 2 1 2 1 2 2 1 0 1 2 1 2 2 0 1 1 1 1 1 0 0 0 0 0 1 0 0 0 0 1 0 0 1 0 0 2 FALSE
NC_035107.1 14830894 68 1_Gabon_1_1 5.58578650177967e-14 0 2 2 1 1 2 2 2 2 1 1 0 0 0 2 2 1 1 0 2 2 2 2 2 0 2 2 0 2 1 2 2 1 2 1 0 1 2 1 1 2 0 1 1 1 1 1 0 0 0 0 0 0 0 0 0 0 1 0 0 0 0 0 1 FALSE
NC_035107.1 14868962 69 1_Gabon_1_1 1.84908382195518e-15 2 2 2 2 2 2 2 2 2 2 2 0 0 0 1 2 2 2 2 2 2 2 2 2 1 2 2 0 2 1 2 2 1 2 1 0 2 1 1 2 1 0 1 1 1 1 1 0 1 0 0 0 1 0 0 0 1 1 2 0 2 0 0 2 FALSE
NC_035107.1 14877078 70 1_Gabon_1_1 2.22127866196008e-17 1 1 2 1 2 2 2 2 2 2 1 0 0 1 2 2 2 1 2 1 2 1 2 2 1 1 2 0 1 1 1 1 2 1 1 0 2 2 1 2 2 0 1 1 1 1 1 0 0 0 0 0 1 0 0 0 0 1 0 0 1 0 0 2 FALSE
NC_035107.1 14878479 71 1_Gabon_1_1 6.90362582422979e-19 1 2 2 1 2 2 2 2 2 2 1 0 0 0 2 2 2 1 2 2 2 2 2 2 1 1 2 1 2 1 1 2 2 2 1 0 2 2 1 2 2 0 1 1 1 1 1 0 1 0 0 0 1 0 0 0 1 1 0 0 1 0 0 2 FALSE
NC_035107.1 15001601 72 1_Gabon_1_1 1.28287987501145e-13 2 2 2 1 1 2 1 2 2 2 1 1 1 0 2 1 2 2 1 2 2 2 2 0 1 1 1 0 2 1 2 2 2 1 1 0 1 2 1 2 2 0 0 1 1 1 1 0 0 1 0 0 1 0 0 0 0 1 0 0 1 0 0 1 FALSE
NC_035107.1 15842686 73 1_Gabon_1_1 4.12903291563768e-17 1 1 1 1 2 2 2 2 2 2 1 0 0 0 2 1 2 1 2 1 1 1 1 2 0 2 2 0 2 1 2 1 2 2 1 0 2 2 1 2 2 0 1 1 1 1 1 0 0 0 0 0 1 0 0 0 0 1 0 0 1 0 0 2 FALSE
NC_035107.1 15895403 74 1_Gabon_1_1 3.92152947909359e-18 2 2 2 0 2 1 2 2 2 2 0 0 0 0 2 2 2 2 2 2 2 2 2 1 1 1 2 0 2 2 2 2 2 2 1 0 2 1 1 2 2 0 1 1 1 1 1 0 0 0 0 0 1 0 0 0 0 1 0 0 1 0 0 2 FALSE
NC_035107.1 16048707 75 1_Gabon_1_1 4.45040222917182e-18 2 2 2 1 2 2 2 2 2 2 1 0 0 1 2 2 2 2 2 2 2 2 2 2 1 2 2 1 2 1 2 2 2 2 1 0 2 2 1 2 2 0 1 1 1 1 1 1 0 0 0 0 2 0 0 1 1 1 0 0 2 0 0 2 FALSE
NC_035107.1 16063735 76 1_Gabon_1_1 2.26748443337481e-16 2 2 1 1 1 2 2 2 2 2 1 0 0 0 0 1 1 2 1 1 1 1 2 1 1 2 2 0 2 1 2 1 0 2 1 0 2 2 1 2 2 0 1 1 1 1 1 0 0 0 0 0 1 0 0 0 0 1 0 0 1 0 0 2 FALSE
NC_035107.1 16063823 77 1_Gabon_1_1 8.11933845280402e-15 2 2 2 1 2 2 2 2 2 2 1 0 1 0 2 2 2 2 2 2 2 2 2 2 2 2 2 2 2 2 2 2 2 2 1 0 2 2 2 2 2 1 1 1 1 1 2 0 0 0 1 0 1 0 2 0 0 2 0 0 1 0 0 2 FALSE
NC_035107.1 16063878 78 1_Gabon_1_1 7.57165773164182e-16 2 2 2 1 2 2 2 2 2 2 1 0 0 0 2 2 2 2 2 2 2 2 2 2 2 2 2 2 2 2 2 2 2 2 1 0 2 2 2 2 2 0 1 1 1 1 2 0 0 0 1 0 1 0 2 0 0 2 0 0 1 1 0 2 FALSE
NC_035107.1 16066994 79 1_Gabon_1_1 2.77996416283898e-16 1 2 2 1 2 2 2 2 1 2 1 0 0 0 2 2 2 1 2 1 2 2 2 2 1 2 1 0 2 0 2 1 2 2 1 0 2 2 1 2 1 0 1 0 1 1 1 0 0 0 0 0 1 0 0 0 0 0 0 0 1 0 0 2 FALSE
NC_035107.1 16074181 80 1_Gabon_1_1 3.02705897891458e-20 2 2 2 1 2 2 2 2 2 2 1 0 0 0 2 2 2 2 2 2 2 2 2 2 1 2 2 0 2 1 2 2 2 2 1 0 1 1 0 1 2 0 1 1 0 1 1 0 0 0 0 0 1 0 0 0 0 1 0 0 1 0 0 2 FALSE
NC_035107.1 16107249 81 1_Gabon_1_1 2.13974339325174e-14 2 2 1 1 2 2 2 2 1 2 1 0 0 0 1 1 2 2 2 2 1 2 1 2 1 0 1 0 2 0 1 1 2 2 0 0 2 2 1 2 2 0 1 1 1 1 0 0 0 0 0 0 1 0 0 0 0 1 0 0 1 0 0 2 FALSE
NC_035107.1 16107347 82 1_Gabon_1_1 1.79830467156541e-13 2 2 1 1 2 2 1 2 1 2 1 0 0 1 1 1 2 2 2 2 1 2 1 2 1 1 2 0 2 0 1 2 2 2 0 0 2 2 1 2 2 0 0 1 1 1 0 0 0 0 0 0 1 0 0 0 0 1 0 0 1 0 0 2 FALSE
NC_035107.1 16109064 83 1_Gabon_1_1 3.62380726844142e-13 2 2 2 2 2 2 2 2 2 2 2 0 1 1 2 2 2 2 2 2 2 2 2 2 1 2 2 1 2 1 2 2 2 2 1 1 2 2 1 2 2 0 1 1 2 2 1 2 0 0 1 0 1 0 1 1 1 1 0 0 1 0 0 2 FALSE
NC_035107.1 16133203 84 1_Gabon_1_1 4.56603290857302e-20 2 2 2 1 2 2 2 2 2 2 1 0 0 1 2 2 2 2 2 2 2 2 2 2 2 2 2 0 2 1 2 2 2 2 1 1 2 2 1 2 2 0 1 1 1 1 1 2 0 0 0 0 2 0 0 0 0 1 0 0 1 0 0 2 FALSE
NC_035107.1 16208162 85 1_Gabon_1_1 4.50216236615352e-21 2 2 2 1 2 2 2 2 2 2 1 0 0 0 2 2 2 2 2 2 2 2 2 2 1 2 2 1 2 1 2 2 2 2 1 0 2 2 1 2 2 0 0 1 1 1 1 0 0 0 2 0 1 0 0 0 0 1 0 0 2 0 0 2 FALSE
NC_035107.1 16239052 86 1_Gabon_1_1 1.57586407024486e-14 1 1 2 1 2 2 1 2 2 2 1 0 0 0 1 2 2 1 1 1 1 2 2 2 1 1 1 0 2 1 2 2 2 1 0 0 2 2 1 2 2 0 1 1 1 1 1 0 0 0 0 0 1 0 0 0 1 0 0 0 1 0 0 2 FALSE
NC_035107.1 16266046 87 1_Gabon_1_1 4.01372957704962e-19 2 2 1 1 2 2 2 2 2 2 1 0 0 0 2 2 2 2 2 2 2 2 2 2 1 2 2 0 1 0 2 2 1 2 1 0 2 2 1 2 2 0 1 1 1 1 1 0 0 0 0 0 1 0 0 0 0 2 0 0 2 0 0 2 FALSE
NC_035107.1 16276737 88 1_Gabon_1_1 7.35587895030936e-18 2 2 2 2 2 2 2 2 2 2 2 0 0 0 2 2 2 2 1 2 2 2 2 2 1 2 2 0 2 1 2 2 2 2 1 1 2 2 1 2 2 0 2 1 1 1 1 0 1 0 0 0 1 0 0 1 0 1 0 0 1 0 0 2 FALSE
NC_035107.1 16287236 89 1_Gabon_1_1 2.03093832798779e-22 2 2 2 1 2 2 2 2 2 2 1 0 0 0 2 2 2 2 2 2 2 2 2 2 1 2 2 0 2 1 1 2 2 2 1 0 2 2 1 2 2 0 1 1 1 1 1 0 0 0 0 0 2 0 0 0 0 0 0 0 1 0 0 2 FALSE
NC_035107.1 16288743 90 1_Gabon_1_1 1.36678363262674e-15 2 2 2 1 2 2 2 2 2 2 1 0 0 0 2 2 2 2 2 2 2 2 2 2 1 2 1 0 2 1 1 2 2 2 1 0 1 2 1 2 2 1 1 1 2 2 1 0 0 1 1 0 1 1 1 0 0 1 0 0 1 0 0 2 FALSE
NC_035107.1 16288757 91 1_Gabon_1_1 7.13535059336264e-18 2 2 2 1 2 2 2 2 2 2 1 0 0 0 2 2 2 2 2 2 2 2 2 2 1 2 1 0 2 0 1 2 2 2 1 0 0 2 1 2 2 0 2 1 1 1 1 0 0 0 0 0 1 0 0 0 0 2 0 0 2 0 0 2 FALSE
NC_035107.1 16288760 92 1_Gabon_1_1 2.21053441693937e-21 2 2 2 1 2 2 2 2 2 2 1 0 0 0 2 2 2 2 2 2 2 2 2 2 1 2 2 0 2 0 1 2 2 2 1 0 0 2 1 2 2 0 1 1 1 1 1 0 0 0 0 0 2 0 0 0 0 1 0 0 1 0 0 2 FALSE
NC_035107.1 16313490 93 1_Gabon_1_1 1.48009830042914e-15 1 2 2 0 2 2 2 2 2 1 1 0 0 0 2 1 2 2 1 2 2 2 2 2 1 2 2 0 2 1 2 2 2 1 1 0 2 2 1 2 2 0 1 0 1 1 1 0 0 0 0 1 1 1 0 0 0 1 0 0 1 0 1 2 FALSE
NC_035107.1 16357603 94 1_Gabon_1_1 2.43660183519604e-20 2 2 2 1 2 2 2 2 2 2 1 0 0 0 2 2 2 2 2 2 2 2 2 2 1 2 1 0 2 1 2 2 2 2 1 1 2 2 1 2 2 0 1 1 1 1 1 2 0 0 0 0 1 0 0 0 0 1 1 1 1 0 0 2 FALSE
NC_035107.1 16388292 95 1_Gabon_1_1 5.00064866623438e-13 2 2 2 2 2 2 2 2 2 2 2 0 1 1 2 2 2 2 2 2 2 2 2 2 1 2 2 2 2 2 2 2 2 2 1 2 2 2 1 2 2 0 1 2 1 1 1 2 0 0 1 0 2 0 1 0 0 1 0 0 1 0 0 2 FALSE
NC_035107.1 16422475 96 1_Gabon_1_1 5.08622033277424e-24 2 2 2 1 2 2 2 2 1 2 1 0 0 0 2 2 2 2 2 2 2 2 2 2 2 2 2 0 2 1 2 2 2 2 1 0 2 2 1 2 2 0 1 1 1 1 1 0 0 0 0 0 1 0 0 0 0 1 0 0 1 0 0 2 FALSE
NC_035107.1 161638951 1 1_Gabon_2_2 1.04247707885661e-26 0 0 1 1 1 0 0 0 2 0 0 0 0 0 1 0 0 0 0 0 1 0 0 0 0 0 0 0 0 0 0 0 0 0 0 0 0 0 0 1 0 0 0 0 0 0 0 1 0 0 1 0 0 0 0 0 1 0 0 0 0 1 0 0 TRUE
NC_035107.1 161638989 2 1_Gabon_2_2 1.04247707885661e-26 0 0 1 1 1 0 0 0 2 0 0 0 0 0 1 0 0 0 0 0 1 0 0 0 0 0 0 0 0 0 0 0 0 0 0 0 0 0 0 1 0 0 0 0 0 0 0 1 0 0 1 0 0 0 0 0 1 0 0 0 0 1 0 0 TRUE
NC_035107.1 161642451 3 1_Gabon_2_2 1.04247707885661e-26 0 0 1 1 1 0 0 0 2 0 0 0 0 0 1 0 0 0 0 0 1 0 0 0 0 0 0 0 0 0 0 0 0 0 0 0 0 0 0 1 0 0 0 0 0 0 0 1 0 0 1 0 0 0 0 0 1 0 0 0 0 1 0 0 TRUE
NC_035107.1 161642794 4 1_Gabon_2_2 1.04247707885661e-26 0 0 1 1 1 0 0 0 2 0 0 0 0 0 1 0 0 0 0 0 1 0 0 0 0 0 0 0 0 0 0 0 0 0 0 0 0 0 0 1 0 0 0 0 0 0 0 1 0 0 1 0 0 0 0 0 1 0 0 0 0 1 0 0 TRUE
NC_035107.1 161658349 5 1_Gabon_2_2 1.04247707885661e-26 0 0 1 1 1 0 0 0 2 0 0 0 0 0 1 0 0 0 0 0 1 0 0 0 0 0 0 0 0 0 0 0 0 0 0 0 0 0 0 1 0 0 0 0 0 0 0 1 0 0 1 0 0 0 0 0 1 0 0 0 0 1 0 0 TRUE
NC_035107.1 161659025 6 1_Gabon_2_2 1.04247707885661e-26 0 0 1 1 1 0 0 0 2 0 0 0 0 0 1 0 0 0 0 0 1 0 0 0 0 0 0 0 0 0 0 0 0 0 0 0 0 0 0 1 0 0 0 0 0 0 0 1 0 0 1 0 0 0 0 0 1 0 0 0 0 1 0 0 TRUE
NC_035107.1 161659136 7 1_Gabon_2_2 1.04247707885661e-26 0 0 1 1 1 0 0 0 2 0 0 0 0 0 1 0 0 0 0 0 1 0 0 0 0 0 0 0 0 0 0 0 0 0 0 0 0 0 0 1 0 0 0 0 0 0 0 1 0 0 1 0 0 0 0 0 1 0 0 0 0 1 0 0 TRUE
NC_035107.1 161660146 8 1_Gabon_2_2 1.04247707885661e-26 0 0 1 1 1 0 0 0 2 0 0 0 0 0 1 0 0 0 0 0 1 0 0 0 0 0 0 0 0 0 0 0 0 0 0 0 0 0 0 1 0 0 0 0 0 0 0 1 0 0 1 0 0 0 0 0 1 0 0 0 0 1 0 0 TRUE
NC_035107.1 161666959 9 1_Gabon_2_2 1.04247707885661e-26 0 0 1 1 1 0 0 0 2 0 0 0 0 0 1 0 0 0 0 0 1 0 0 0 0 0 0 0 0 0 0 0 0 0 0 0 0 0 0 1 0 0 0 0 0 0 0 1 0 0 1 0 0 0 0 0 1 0 0 0 0 1 0 0 TRUE
NC_035107.1 161666971 10 1_Gabon_2_2 1.04247707885661e-26 0 0 1 1 1 0 0 0 2 0 0 0 0 0 1 0 0 0 0 0 1 0 0 0 0 0 0 0 0 0 0 0 0 0 0 0 0 0 0 1 0 0 0 0 0 0 0 1 0 0 1 0 0 0 0 0 1 0 0 0 0 1 0 0 TRUE
NC_035107.1 161667020 11 1_Gabon_2_2 1.04247707885661e-26 0 0 1 1 1 0 0 0 2 0 0 0 0 0 1 0 0 0 0 0 1 0 0 0 0 0 0 0 0 0 0 0 0 0 0 0 0 0 0 1 0 0 0 0 0 0 0 1 0 0 1 0 0 0 0 0 1 0 0 0 0 1 0 0 TRUE
NC_035107.1 161669006 12 1_Gabon_2_2 1.04247707885661e-26 0 0 1 1 1 0 0 0 2 0 0 0 0 0 1 0 0 0 0 0 1 0 0 0 0 0 0 0 0 0 0 0 0 0 0 0 0 0 0 1 0 0 0 0 0 0 0 1 0 0 1 0 0 0 0 0 1 0 0 0 0 1 0 0 TRUE
NC_035107.1 161669544 13 1_Gabon_2_2 1.04247707885661e-26 0 0 1 1 1 0 0 0 2 0 0 0 0 0 1 0 0 0 0 0 1 0 0 0 0 0 0 0 0 0 0 0 0 0 0 0 0 0 0 1 0 0 0 0 0 0 0 1 0 0 1 0 0 0 0 0 1 0 0 0 0 1 0 0 TRUE
NC_035107.1 161688348 14 1_Gabon_2_2 1.04247707885661e-26 0 0 1 1 1 0 0 0 2 0 0 0 0 0 1 0 0 0 0 0 1 0 0 0 0 0 0 0 0 0 0 0 0 0 0 0 0 0 0 1 0 0 0 0 0 0 0 1 0 0 1 0 0 0 0 0 1 0 0 0 0 1 0 0 TRUE
NC_035107.1 161688575 15 1_Gabon_2_2 1.04247707885661e-26 0 0 1 1 1 0 0 0 2 0 0 0 0 0 1 0 0 0 0 0 1 0 0 0 0 0 0 0 0 0 0 0 0 0 0 0 0 0 0 1 0 0 0 0 0 0 0 1 0 0 1 0 0 0 0 0 1 0 0 0 0 1 0 0 TRUE
NC_035107.1 161689544 16 1_Gabon_2_2 1.04247707885661e-26 0 0 1 1 1 0 0 0 2 0 0 0 0 0 1 0 0 0 0 0 1 0 0 0 0 0 0 0 0 0 0 0 0 0 0 0 0 0 0 1 0 0 0 0 0 0 0 1 0 0 1 0 0 0 0 0 1 0 0 0 0 1 0 0 TRUE
NC_035107.1 161689687 17 1_Gabon_2_2 1.04247707885661e-26 0 0 1 1 1 0 0 0 2 0 0 0 0 0 1 0 0 0 0 0 1 0 0 0 0 0 0 0 0 0 0 0 0 0 0 0 0 0 0 1 0 0 0 0 0 0 0 1 0 0 1 0 0 0 0 0 1 0 0 0 0 1 0 0 TRUE
NC_035107.1 161690055 18 1_Gabon_2_2 1.04247707885661e-26 0 0 1 1 1 0 0 0 2 0 0 0 0 0 1 0 0 0 0 0 1 0 0 0 0 0 0 0 0 0 0 0 0 0 0 0 0 0 0 1 0 0 0 0 0 0 0 1 0 0 1 0 0 0 0 0 1 0 0 0 0 1 0 0 TRUE
NC_035107.1 161690683 19 1_Gabon_2_2 1.04247707885661e-26 0 0 1 1 1 0 0 0 2 0 0 0 0 0 1 0 0 0 0 0 1 0 0 0 0 0 0 0 0 0 0 0 0 0 0 0 0 0 0 1 0 0 0 0 0 0 0 1 0 0 1 0 0 0 0 0 1 0 0 0 0 1 0 0 TRUE
NC_035107.1 161690707 20 1_Gabon_2_2 1.04247707885661e-26 0 0 1 1 1 0 0 0 2 0 0 0 0 0 1 0 0 0 0 0 1 0 0 0 0 0 0 0 0 0 0 0 0 0 0 0 0 0 0 1 0 0 0 0 0 0 0 1 0 0 1 0 0 0 0 0 1 0 0 0 0 1 0 0 TRUE
NC_035107.1 161690722 21 1_Gabon_2_2 1.04247707885661e-26 0 0 1 1 1 0 0 0 2 0 0 0 0 0 1 0 0 0 0 0 1 0 0 0 0 0 0 0 0 0 0 0 0 0 0 0 0 0 0 1 0 0 0 0 0 0 0 1 0 0 1 0 0 0 0 0 1 0 0 0 0 1 0 0 TRUE
NC_035107.1 161702279 22 1_Gabon_2_2 1.04247707885661e-26 0 0 1 1 1 0 0 0 2 0 0 0 0 0 1 0 0 0 0 0 1 0 0 0 0 0 0 0 0 0 0 0 0 0 0 0 0 0 0 1 0 0 0 0 0 0 0 1 0 0 1 0 0 0 0 0 1 0 0 0 0 1 0 0 TRUE
NC_035107.1 161708022 23 1_Gabon_2_2 1.04247707885661e-26 0 0 1 1 1 0 0 0 2 0 0 0 0 0 1 0 0 0 0 0 1 0 0 0 0 0 0 0 0 0 0 0 0 0 0 0 0 0 0 1 0 0 0 0 0 0 0 1 0 0 1 0 0 0 0 0 1 0 0 0 0 1 0 0 TRUE
NC_035107.1 161721510 24 1_Gabon_2_2 1.04247707885661e-26 0 0 1 1 1 0 0 0 2 0 0 0 0 0 1 0 0 0 0 0 1 0 0 0 0 0 0 0 0 0 0 0 0 0 0 0 0 0 0 1 0 0 0 0 0 0 0 1 0 0 1 0 0 0 0 0 1 0 0 0 0 1 0 0 TRUE
NC_035107.1 161721612 25 1_Gabon_2_2 1.04247707885661e-26 0 0 1 1 1 0 0 0 2 0 0 0 0 0 1 0 0 0 0 0 1 0 0 0 0 0 0 0 0 0 0 0 0 0 0 0 0 0 0 1 0 0 0 0 0 0 0 1 0 0 1 0 0 0 0 0 1 0 0 0 0 1 0 0 TRUE
NC_035107.1 161722376 26 1_Gabon_2_2 1.04247707885661e-26 0 0 1 1 1 0 0 0 2 0 0 0 0 0 1 0 0 0 0 0 1 0 0 0 0 0 0 0 0 0 0 0 0 0 0 0 0 0 0 1 0 0 0 0 0 0 0 1 0 0 1 0 0 0 0 0 1 0 0 0 0 1 0 0 TRUE
NC_035107.1 161732079 27 1_Gabon_2_2 1.04247707885661e-26 0 0 1 1 1 0 0 0 2 0 0 0 0 0 1 0 0 0 0 0 1 0 0 0 0 0 0 0 0 0 0 0 0 0 0 0 0 0 0 1 0 0 0 0 0 0 0 1 0 0 1 0 0 0 0 0 1 0 0 0 0 1 0 0 TRUE
NC_035107.1 161732156 28 1_Gabon_2_2 1.04247707885661e-26 0 0 1 1 1 0 0 0 2 0 0 0 0 0 1 0 0 0 0 0 1 0 0 0 0 0 0 0 0 0 0 0 0 0 0 0 0 0 0 1 0 0 0 0 0 0 0 1 0 0 1 0 0 0 0 0 1 0 0 0 0 1 0 0 TRUE
NC_035107.1 161732544 29 1_Gabon_2_2 1.04247707885661e-26 0 0 1 1 1 0 0 0 2 0 0 0 0 0 1 0 0 0 0 0 1 0 0 0 0 0 0 0 0 0 0 0 0 0 0 0 0 0 0 1 0 0 0 0 0 0 0 1 0 0 1 0 0 0 0 0 1 0 0 0 0 1 0 0 TRUE
NC_035107.1 161734835 30 1_Gabon_2_2 1.04247707885661e-26 0 0 1 1 1 0 0 0 2 0 0 0 0 0 1 0 0 0 0 0 1 0 0 0 0 0 0 0 0 0 0 0 0 0 0 0 0 0 0 1 0 0 0 0 0 0 0 1 0 0 1 0 0 0 0 0 1 0 0 0 0 1 0 0 TRUE
NC_035107.1 161735264 31 1_Gabon_2_2 1.04247707885661e-26 0 0 1 1 1 0 0 0 2 0 0 0 0 0 1 0 0 0 0 0 1 0 0 0 0 0 0 0 0 0 0 0 0 0 0 0 0 0 0 1 0 0 0 0 0 0 0 1 0 0 1 0 0 0 0 0 1 0 0 0 0 1 0 0 TRUE
NC_035107.1 161735947 32 1_Gabon_2_2 1.04247707885661e-26 0 0 1 1 1 0 0 0 2 0 0 0 0 0 1 0 0 0 0 0 1 0 0 0 0 0 0 0 0 0 0 0 0 0 0 0 0 0 0 1 0 0 0 0 0 0 0 1 0 0 1 0 0 0 0 0 1 0 0 0 0 1 0 0 TRUE
NC_035107.1 161736754 33 1_Gabon_2_2 1.04247707885661e-26 0 0 1 1 1 0 0 0 2 0 0 0 0 0 1 0 0 0 0 0 1 0 0 0 0 0 0 0 0 0 0 0 0 0 0 0 0 0 0 1 0 0 0 0 0 0 0 1 0 0 1 0 0 0 0 0 1 0 0 0 0 1 0 0 TRUE
NC_035107.1 161736809 34 1_Gabon_2_2 1.04247707885661e-26 0 0 1 1 1 0 0 0 2 0 0 0 0 0 1 0 0 0 0 0 1 0 0 0 0 0 0 0 0 0 0 0 0 0 0 0 0 0 0 1 0 0 0 0 0 0 0 1 0 0 1 0 0 0 0 0 1 0 0 0 0 1 0 0 TRUE
NC_035107.1 161738415 35 1_Gabon_2_2 1.04247707885661e-26 0 0 1 1 1 0 0 0 2 0 0 0 0 0 1 0 0 0 0 0 1 0 0 0 0 0 0 0 0 0 0 0 0 0 0 0 0 0 0 1 0 0 0 0 0 0 0 1 0 0 1 0 0 0 0 0 1 0 0 0 0 1 0 0 TRUE
NC_035107.1 161738529 36 1_Gabon_2_2 1.04247707885661e-26 0 0 1 1 1 0 0 0 2 0 0 0 0 0 1 0 0 0 0 0 1 0 0 0 0 0 0 0 0 0 0 0 0 0 0 0 0 0 0 1 0 0 0 0 0 0 0 1 0 0 1 0 0 0 0 0 1 0 0 0 0 1 0 0 TRUE
NC_035107.1 161738557 37 1_Gabon_2_2 1.04247707885661e-26 0 0 1 1 1 0 0 0 2 0 0 0 0 0 1 0 0 0 0 0 1 0 0 0 0 0 0 0 0 0 0 0 0 0 0 0 0 0 0 1 0 0 0 0 0 0 0 1 0 0 1 0 0 0 0 0 1 0 0 0 0 1 0 0 TRUE
NC_035107.1 161745147 38 1_Gabon_2_2 1.04247707885661e-26 0 0 1 1 1 0 0 0 2 0 0 0 0 0 1 0 0 0 0 0 1 0 0 0 0 0 0 0 0 0 0 0 0 0 0 0 0 0 0 1 0 0 0 0 0 0 0 1 0 0 1 0 0 0 0 0 1 0 0 0 0 1 0 0 TRUE
NC_035107.1 161745385 39 1_Gabon_2_2 1.04247707885661e-26 0 0 1 1 1 0 0 0 2 0 0 0 0 0 1 0 0 0 0 0 1 0 0 0 0 0 0 0 0 0 0 0 0 0 0 0 0 0 0 1 0 0 0 0 0 0 0 1 0 0 1 0 0 0 0 0 1 0 0 0 0 1 0 0 TRUE
NC_035107.1 161749356 40 1_Gabon_2_2 1.04247707885661e-26 0 0 1 1 1 0 0 0 2 0 0 0 0 0 1 0 0 0 0 0 1 0 0 0 0 0 0 0 0 0 0 0 0 0 0 0 0 0 0 1 0 0 0 0 0 0 0 1 0 0 1 0 0 0 0 0 1 0 0 0 0 1 0 0 TRUE
NC_035107.1 161755911 41 1_Gabon_2_2 1.04247707885661e-26 0 0 1 1 1 0 0 0 2 0 0 0 0 0 1 0 0 0 0 0 1 0 0 0 0 0 0 0 0 0 0 0 0 0 0 0 0 0 0 1 0 0 0 0 0 0 0 1 0 0 1 0 0 0 0 0 1 0 0 0 0 1 0 0 TRUE
NC_035107.1 161756322 42 1_Gabon_2_2 1.04247707885661e-26 0 0 1 1 1 0 0 0 2 0 0 0 0 0 1 0 0 0 0 0 1 0 0 0 0 0 0 0 0 0 0 0 0 0 0 0 0 0 0 1 0 0 0 0 0 0 0 1 0 0 1 0 0 0 0 0 1 0 0 0 0 1 0 0 TRUE
NC_035107.1 161770656 43 1_Gabon_2_2 1.04247707885661e-26 0 0 1 1 1 0 0 0 2 0 0 0 0 0 1 0 0 0 0 0 1 0 0 0 0 0 0 0 0 0 0 0 0 0 0 0 0 0 0 1 0 0 0 0 0 0 0 1 0 0 1 0 0 0 0 0 1 0 0 0 0 1 0 0 TRUE
NC_035107.1 161772936 44 1_Gabon_2_2 1.04247707885661e-26 0 0 1 1 1 0 0 0 2 0 0 0 0 0 1 0 0 0 0 0 1 0 0 0 0 0 0 0 0 0 0 0 0 0 0 0 0 0 0 1 0 0 0 0 0 0 0 1 0 0 1 0 0 0 0 0 1 0 0 0 0 1 0 0 TRUE
NC_035107.1 161772937 45 1_Gabon_2_2 1.04247707885661e-26 0 0 1 1 1 0 0 0 2 0 0 0 0 0 1 0 0 0 0 0 1 0 0 0 0 0 0 0 0 0 0 0 0 0 0 0 0 0 0 1 0 0 0 0 0 0 0 1 0 0 1 0 0 0 0 0 1 0 0 0 0 1 0 0 TRUE
NC_035107.1 161773796 46 1_Gabon_2_2 1.04247707885661e-26 0 0 1 1 1 0 0 0 2 0 0 0 0 0 1 0 0 0 0 0 1 0 0 0 0 0 0 0 0 0 0 0 0 0 0 0 0 0 0 1 0 0 0 0 0 0 0 1 0 0 1 0 0 0 0 0 1 0 0 0 0 1 0 0 TRUE
NC_035107.1 161774584 47 1_Gabon_2_2 1.04247707885661e-26 0 0 1 1 1 0 0 0 2 0 0 0 0 0 1 0 0 0 0 0 1 0 0 0 0 0 0 0 0 0 0 0 0 0 0 0 0 0 0 1 0 0 0 0 0 0 0 1 0 0 1 0 0 0 0 0 1 0 0 0 0 1 0 0 TRUE
NC_035107.1 161790081 48 1_Gabon_2_2 1.04247707885661e-26 0 0 1 1 1 0 0 0 2 0 0 0 0 0 1 0 0 0 0 0 1 0 0 0 0 0 0 0 0 0 0 0 0 0 0 0 0 0 0 1 0 0 0 0 0 0 0 1 0 0 1 0 0 0 0 0 1 0 0 0 0 1 0 0 TRUE
NC_035107.1 161792802 49 1_Gabon_2_2 1.04247707885661e-26 0 0 1 1 1 0 0 0 2 0 0 0 0 0 1 0 0 0 0 0 1 0 0 0 0 0 0 0 0 0 0 0 0 0 0 0 0 0 0 1 0 0 0 0 0 0 0 1 0 0 1 0 0 0 0 0 1 0 0 0 0 1 0 0 TRUE
NC_035107.1 161794991 50 1_Gabon_2_2 1.04247707885661e-26 0 0 1 1 1 0 0 0 2 0 0 0 0 0 1 0 0 0 0 0 1 0 0 0 0 0 0 0 0 0 0 0 0 0 0 0 0 0 0 1 0 0 0 0 0 0 0 1 0 0 1 0 0 0 0 0 1 0 0 0 0 1 0 0 TRUE
NC_035107.1 161795270 51 1_Gabon_2_2 1.04247707885661e-26 0 0 1 1 1 0 0 0 2 0 0 0 0 0 1 0 0 0 0 0 1 0 0 0 0 0 0 0 0 0 0 0 0 0 0 0 0 0 0 1 0 0 0 0 0 0 0 1 0 0 1 0 0 0 0 0 1 0 0 0 0 1 0 0 TRUE
NC_035107.1 161796836 52 1_Gabon_2_2 1.04247707885661e-26 0 0 1 1 1 0 0 0 2 0 0 0 0 0 1 0 0 0 0 0 1 0 0 0 0 0 0 0 0 0 0 0 0 0 0 0 0 0 0 1 0 0 0 0 0 0 0 1 0 0 1 0 0 0 0 0 1 0 0 0 0 1 0 0 TRUE
NC_035107.1 161796848 53 1_Gabon_2_2 1.04247707885661e-26 0 0 1 1 1 0 0 0 2 0 0 0 0 0 1 0 0 0 0 0 1 0 0 0 0 0 0 0 0 0 0 0 0 0 0 0 0 0 0 1 0 0 0 0 0 0 0 1 0 0 1 0 0 0 0 0 1 0 0 0 0 1 0 0 TRUE
NC_035107.1 161802032 54 1_Gabon_2_2 1.04247707885661e-26 0 0 1 1 1 0 0 0 2 0 0 0 0 0 1 0 0 0 0 0 1 0 0 0 0 0 0 0 0 0 0 0 0 0 0 0 0 0 0 1 0 0 0 0 0 0 0 1 0 0 1 0 0 0 0 0 1 0 0 0 0 1 0 0 TRUE
NC_035107.1 161809392 55 1_Gabon_2_2 1.04247707885661e-26 0 0 1 1 1 0 0 0 2 0 0 0 0 0 1 0 0 0 0 0 1 0 0 0 0 0 0 0 0 0 0 0 0 0 0 0 0 0 0 1 0 0 0 0 0 0 0 1 0 0 1 0 0 0 0 0 1 0 0 0 0 1 0 0 TRUE
NC_035107.1 161813270 56 1_Gabon_2_2 1.04247707885661e-26 0 0 1 1 1 0 0 0 2 0 0 0 0 0 1 0 0 0 0 0 1 0 0 0 0 0 0 0 0 0 0 0 0 0 0 0 0 0 0 1 0 0 0 0 0 0 0 1 0 0 1 0 0 0 0 0 1 0 0 0 0 1 0 0 TRUE
NC_035107.1 161813633 57 1_Gabon_2_2 1.04247707885661e-26 0 0 1 1 1 0 0 0 2 0 0 0 0 0 1 0 0 0 0 0 1 0 0 0 0 0 0 0 0 0 0 0 0 0 0 0 0 0 0 1 0 0 0 0 0 0 0 1 0 0 1 0 0 0 0 0 1 0 0 0 0 1 0 0 TRUE
NC_035107.1 161813860 58 1_Gabon_2_2 1.04247707885661e-26 0 0 1 1 1 0 0 0 2 0 0 0 0 0 1 0 0 0 0 0 1 0 0 0 0 0 0 0 0 0 0 0 0 0 0 0 0 0 0 1 0 0 0 0 0 0 0 1 0 0 1 0 0 0 0 0 1 0 0 0 0 1 0 0 TRUE
NC_035107.1 161817205 59 1_Gabon_2_2 1.04247707885661e-26 0 0 1 1 1 0 0 0 2 0 0 0 0 0 1 0 0 0 0 0 1 0 0 0 0 0 0 0 0 0 0 0 0 0 0 0 0 0 0 1 0 0 0 0 0 0 0 1 0 0 1 0 0 0 0 0 1 0 0 0 0 1 0 0 TRUE
NC_035107.1 161820355 60 1_Gabon_2_2 1.04247707885661e-26 0 0 1 1 1 0 0 0 2 0 0 0 0 0 1 0 0 0 0 0 1 0 0 0 0 0 0 0 0 0 0 0 0 0 0 0 0 0 0 1 0 0 0 0 0 0 0 1 0 0 1 0 0 0 0 0 1 0 0 0 0 1 0 0 TRUE
NC_035107.1 161837080 61 1_Gabon_2_2 1.04247707885661e-26 0 0 1 1 1 0 0 0 2 0 0 0 0 0 1 0 0 0 0 0 1 0 0 0 0 0 0 0 0 0 0 0 0 0 0 0 0 0 0 1 0 0 0 0 0 0 0 1 0 0 1 0 0 0 0 0 1 0 0 0 0 1 0 0 TRUE
NC_035107.1 161862324 62 1_Gabon_2_2 1.04247707885661e-26 0 0 1 1 1 0 0 0 2 0 0 0 0 0 1 0 0 0 0 0 1 0 0 0 0 0 0 0 0 0 0 0 0 0 0 0 0 0 0 1 0 0 0 0 0 0 0 1 0 0 1 0 0 0 0 0 1 0 0 0 0 1 0 0 TRUE
NC_035107.1 161862325 63 1_Gabon_2_2 1.04247707885661e-26 0 0 1 1 1 0 0 0 2 0 0 0 0 0 1 0 0 0 0 0 1 0 0 0 0 0 0 0 0 0 0 0 0 0 0 0 0 0 0 1 0 0 0 0 0 0 0 1 0 0 1 0 0 0 0 0 1 0 0 0 0 1 0 0 TRUE
NC_035107.1 161862431 64 1_Gabon_2_2 1.04247707885661e-26 0 0 1 1 1 0 0 0 2 0 0 0 0 0 1 0 0 0 0 0 1 0 0 0 0 0 0 0 0 0 0 0 0 0 0 0 0 0 0 1 0 0 0 0 0 0 0 1 0 0 1 0 0 0 0 0 1 0 0 0 0 1 0 0 TRUE
NC_035107.1 161870625 65 1_Gabon_2_2 1.04247707885661e-26 0 0 1 1 1 0 0 0 2 0 0 0 0 0 1 0 0 0 0 0 1 0 0 0 0 0 0 0 0 0 0 0 0 0 0 0 0 0 0 1 0 0 0 0 0 0 0 1 0 0 1 0 0 0 0 0 1 0 0 0 0 1 0 0 TRUE
NC_035107.1 161926363 66 1_Gabon_2_2 1.04247707885661e-26 0 0 1 1 1 0 0 0 2 0 0 0 0 0 1 0 0 0 0 0 1 0 0 0 0 0 0 0 0 0 0 0 0 0 0 0 0 0 0 1 0 0 0 0 0 0 0 1 0 0 1 0 0 0 0 0 1 0 0 0 0 1 0 0 TRUE
NC_035107.1 161941007 67 1_Gabon_2_2 1.04247707885661e-26 0 0 1 1 1 0 0 0 2 0 0 0 0 0 1 0 0 0 0 0 1 0 0 0 0 0 0 0 0 0 0 0 0 0 0 0 0 0 0 1 0 0 0 0 0 0 0 1 0 0 1 0 0 0 0 0 1 0 0 0 0 1 0 0 TRUE
NC_035107.1 161941019 68 1_Gabon_2_2 1.04247707885661e-26 0 0 1 1 1 0 0 0 2 0 0 0 0 0 1 0 0 0 0 0 1 0 0 0 0 0 0 0 0 0 0 0 0 0 0 0 0 0 0 1 0 0 0 0 0 0 0 1 0 0 1 0 0 0 0 0 1 0 0 0 0 1 0 0 TRUE
NC_035107.1 161941278 69 1_Gabon_2_2 1.04247707885661e-26 0 0 1 1 1 0 0 0 2 0 0 0 0 0 1 0 0 0 0 0 1 0 0 0 0 0 0 0 0 0 0 0 0 0 0 0 0 0 0 1 0 0 0 0 0 0 0 1 0 0 1 0 0 0 0 0 1 0 0 0 0 1 0 0 TRUE
NC_035107.1 161943935 70 1_Gabon_2_2 1.04247707885661e-26 0 0 1 1 1 0 0 0 2 0 0 0 0 0 1 0 0 0 0 0 1 0 0 0 0 0 0 0 0 0 0 0 0 0 0 0 0 0 0 1 0 0 0 0 0 0 0 1 0 0 1 0 0 0 0 0 1 0 0 0 0 1 0 0 TRUE
NC_035107.1 161948247 71 1_Gabon_2_2 1.04247707885661e-26 0 0 1 1 1 0 0 0 2 0 0 0 0 0 1 0 0 0 0 0 1 0 0 0 0 0 0 0 0 0 0 0 0 0 0 0 0 0 0 1 0 0 0 0 0 0 0 1 0 0 1 0 0 0 0 0 1 0 0 0 0 1 0 0 TRUE
NC_035107.1 161950452 72 1_Gabon_2_2 1.04247707885661e-26 0 0 1 1 1 0 0 0 2 0 0 0 0 0 1 0 0 0 0 0 1 0 0 0 0 0 0 0 0 0 0 0 0 0 0 0 0 0 0 1 0 0 0 0 0 0 0 1 0 0 1 0 0 0 0 0 1 0 0 0 0 1 0 0 TRUE
NC_035107.1 161950554 73 1_Gabon_2_2 1.04247707885661e-26 0 0 1 1 1 0 0 0 2 0 0 0 0 0 1 0 0 0 0 0 1 0 0 0 0 0 0 0 0 0 0 0 0 0 0 0 0 0 0 1 0 0 0 0 0 0 0 1 0 0 1 0 0 0 0 0 1 0 0 0 0 1 0 0 TRUE
NC_035107.1 161950630 74 1_Gabon_2_2 1.04247707885661e-26 0 0 1 1 1 0 0 0 2 0 0 0 0 0 1 0 0 0 0 0 1 0 0 0 0 0 0 0 0 0 0 0 0 0 0 0 0 0 0 1 0 0 0 0 0 0 0 1 0 0 1 0 0 0 0 0 1 0 0 0 0 1 0 0 TRUE
NC_035107.1 161958088 75 1_Gabon_2_2 1.04247707885661e-26 0 0 1 1 1 0 0 0 2 0 0 0 0 0 1 0 0 0 0 0 1 0 0 0 0 0 0 0 0 0 0 0 0 0 0 0 0 0 0 1 0 0 0 0 0 0 0 1 0 0 1 0 0 0 0 0 1 0 0 0 0 1 0 0 TRUE
NC_035107.1 161958718 76 1_Gabon_2_2 1.04247707885661e-26 0 0 1 1 1 0 0 0 2 0 0 0 0 0 1 0 0 0 0 0 1 0 0 0 0 0 0 0 0 0 0 0 0 0 0 0 0 0 0 1 0 0 0 0 0 0 0 1 0 0 1 0 0 0 0 0 1 0 0 0 0 1 0 0 TRUE
NC_035107.1 161959397 77 1_Gabon_2_2 1.04247707885661e-26 0 0 1 1 1 0 0 0 2 0 0 0 0 0 1 0 0 0 0 0 1 0 0 0 0 0 0 0 0 0 0 0 0 0 0 0 0 0 0 1 0 0 0 0 0 0 0 1 0 0 1 0 0 0 0 0 1 0 0 0 0 1 0 0 TRUE
NC_035107.1 161975674 78 1_Gabon_2_2 1.04247707885661e-26 0 0 1 1 1 0 0 0 2 0 0 0 0 0 1 0 0 0 0 0 1 0 0 0 0 0 0 0 0 0 0 0 0 0 0 0 0 0 0 1 0 0 0 0 0 0 0 1 0 0 1 0 0 0 0 0 1 0 0 0 0 1 0 0 TRUE
NC_035107.1 161975796 79 1_Gabon_2_2 1.04247707885661e-26 0 0 1 1 1 0 0 0 2 0 0 0 0 0 1 0 0 0 0 0 1 0 0 0 0 0 0 0 0 0 0 0 0 0 0 0 0 0 0 1 0 0 0 0 0 0 0 1 0 0 1 0 0 0 0 0 1 0 0 0 0 1 0 0 TRUE
NC_035107.1 162003887 80 1_Gabon_2_2 1.04247707885661e-26 0 0 1 1 1 0 0 0 2 0 0 0 0 0 1 0 0 0 0 0 1 0 0 0 0 0 0 0 0 0 0 0 0 0 0 0 0 0 0 1 0 0 0 0 0 0 0 1 0 0 1 0 0 0 0 0 1 0 0 0 0 1 0 0 TRUE
NC_035107.1 162004568 81 1_Gabon_2_2 1.04247707885661e-26 0 0 1 1 1 0 0 0 2 0 0 0 0 0 1 0 0 0 0 0 1 0 0 0 0 0 0 0 0 0 0 0 0 0 0 0 0 0 0 1 0 0 0 0 0 0 0 1 0 0 1 0 0 0 0 0 1 0 0 0 0 1 0 0 TRUE
NC_035107.1 162004749 82 1_Gabon_2_2 1.04247707885661e-26 0 0 1 1 1 0 0 0 2 0 0 0 0 0 1 0 0 0 0 0 1 0 0 0 0 0 0 0 0 0 0 0 0 0 0 0 0 0 0 1 0 0 0 0 0 0 0 1 0 0 1 0 0 0 0 0 1 0 0 0 0 1 0 0 TRUE
NC_035107.1 162005526 83 1_Gabon_2_2 1.04247707885661e-26 0 0 1 1 1 0 0 0 2 0 0 0 0 0 1 0 0 0 0 0 1 0 0 0 0 0 0 0 0 0 0 0 0 0 0 0 0 0 0 1 0 0 0 0 0 0 0 1 0 0 1 0 0 0 0 0 1 0 0 0 0 1 0 0 TRUE
NC_035107.1 162011764 84 1_Gabon_2_2 1.04247707885661e-26 0 0 1 1 1 0 0 0 2 0 0 0 0 0 1 0 0 0 0 0 1 0 0 0 0 0 0 0 0 0 0 0 0 0 0 0 0 0 0 1 0 0 0 0 0 0 0 1 0 0 1 0 0 0 0 0 1 0 0 0 0 1 0 0 TRUE
NC_035107.1 162029456 85 1_Gabon_2_2 1.04247707885661e-26 0 0 1 1 1 0 0 0 2 0 0 0 0 0 1 0 0 0 0 0 1 0 0 0 0 0 0 0 0 0 0 0 0 0 0 0 0 0 0 1 0 0 0 0 0 0 0 1 0 0 1 0 0 0 0 0 1 0 0 0 0 1 0 0 TRUE
NC_035107.1 162031312 86 1_Gabon_2_2 1.04247707885661e-26 0 0 1 1 1 0 0 0 2 0 0 0 0 0 1 0 0 0 0 0 1 0 0 0 0 0 0 0 0 0 0 0 0 0 0 0 0 0 0 1 0 0 0 0 0 0 0 1 0 0 1 0 0 0 0 0 1 0 0 0 0 1 0 0 TRUE
NC_035107.1 162031640 87 1_Gabon_2_2 1.04247707885661e-26 0 0 1 1 1 0 0 0 2 0 0 0 0 0 1 0 0 0 0 0 1 0 0 0 0 0 0 0 0 0 0 0 0 0 0 0 0 0 0 1 0 0 0 0 0 0 0 1 0 0 1 0 0 0 0 0 1 0 0 0 0 1 0 0 TRUE
NC_035107.1 162032316 88 1_Gabon_2_2 1.04247707885661e-26 0 0 1 1 1 0 0 0 2 0 0 0 0 0 1 0 0 0 0 0 1 0 0 0 0 0 0 0 0 0 0 0 0 0 0 0 0 0 0 1 0 0 0 0 0 0 0 1 0 0 1 0 0 0 0 0 1 0 0 0 0 1 0 0 TRUE
NC_035107.1 162062608 89 1_Gabon_2_2 1.04247707885661e-26 0 0 1 1 1 0 0 0 2 0 0 0 0 0 1 0 0 0 0 0 1 0 0 0 0 0 0 0 0 0 0 0 0 0 0 0 0 0 0 1 0 0 0 0 0 0 0 1 0 0 1 0 0 0 0 0 1 0 0 0 0 1 0 0 TRUE
NC_035107.1 162078456 90 1_Gabon_2_2 1.04247707885661e-26 0 0 1 1 1 0 0 0 2 0 0 0 0 0 1 0 0 0 0 0 1 0 0 0 0 0 0 0 0 0 0 0 0 0 0 0 0 0 0 1 0 0 0 0 0 0 0 1 0 0 1 0 0 0 0 0 1 0 0 0 0 1 0 0 TRUE
NC_035107.1 162078763 91 1_Gabon_2_2 1.04247707885661e-26 0 0 1 1 1 0 0 0 2 0 0 0 0 0 1 0 0 0 0 0 1 0 0 0 0 0 0 0 0 0 0 0 0 0 0 0 0 0 0 1 0 0 0 0 0 0 0 1 0 0 1 0 0 0 0 0 1 0 0 0 0 1 0 0 TRUE
NC_035107.1 162080515 92 1_Gabon_2_2 1.04247707885661e-26 0 0 1 1 1 0 0 0 2 0 0 0 0 0 1 0 0 0 0 0 1 0 0 0 0 0 0 0 0 0 0 0 0 0 0 0 0 0 0 1 0 0 0 0 0 0 0 1 0 0 1 0 0 0 0 0 1 0 0 0 0 1 0 0 TRUE
NC_035107.1 162083068 93 1_Gabon_2_2 1.04247707885661e-26 0 0 1 1 1 0 0 0 2 0 0 0 0 0 1 0 0 0 0 0 1 0 0 0 0 0 0 0 0 0 0 0 0 0 0 0 0 0 0 1 0 0 0 0 0 0 0 1 0 0 1 0 0 0 0 0 1 0 0 0 0 1 0 0 TRUE
NC_035107.1 162084359 94 1_Gabon_2_2 1.04247707885661e-26 0 0 1 1 1 0 0 0 2 0 0 0 0 0 1 0 0 0 0 0 1 0 0 0 0 0 0 0 0 0 0 0 0 0 0 0 0 0 0 1 0 0 0 0 0 0 0 1 0 0 1 0 0 0 0 0 1 0 0 0 0 1 0 0 TRUE
NC_035107.1 162109449 95 1_Gabon_2_2 1.04247707885661e-26 0 0 1 1 1 0 0 0 2 0 0 0 0 0 1 0 0 0 0 0 1 0 0 0 0 0 0 0 0 0 0 0 0 0 0 0 0 0 0 1 0 0 0 0 0 0 0 1 0 0 1 0 0 0 0 0 1 0 0 0 0 1 0 0 TRUE
NC_035107.1 162143459 96 1_Gabon_2_2 1.04247707885661e-26 0 0 1 1 1 0 0 0 2 0 0 0 0 0 1 0 0 0 0 0 1 0 0 0 0 0 0 0 0 0 0 0 0 0 0 0 0 0 0 1 0 0 0 0 0 0 0 1 0 0 1 0 0 0 0 0 1 0 0 0 0 1 0 0 TRUE
NC_035107.1 162145943 97 1_Gabon_2_2 1.04247707885661e-26 0 0 1 1 1 0 0 0 2 0 0 0 0 0 1 0 0 0 0 0 1 0 0 0 0 0 0 0 0 0 0 0 0 0 0 0 0 0 0 1 0 0 0 0 0 0 0 1 0 0 1 0 0 0 0 0 1 0 0 0 0 1 0 0 TRUE
NC_035107.1 162208940 98 1_Gabon_2_2 1.04247707885661e-26 0 0 1 1 1 0 0 0 2 0 0 0 0 0 1 0 0 0 0 0 1 0 0 0 0 0 0 0 0 0 0 0 0 0 0 0 0 0 0 1 0 0 0 0 0 0 0 1 0 0 1 0 0 0 0 0 1 0 0 0 0 1 0 0 TRUE
NC_035107.1 162209081 99 1_Gabon_2_2 1.04247707885661e-26 0 0 1 1 1 0 0 0 2 0 0 0 0 0 1 0 0 0 0 0 1 0 0 0 0 0 0 0 0 0 0 0 0 0 0 0 0 0 0 1 0 0 0 0 0 0 0 1 0 0 1 0 0 0 0 0 1 0 0 0 0 1 0 0 TRUE
NC_035107.1 162222060 100 1_Gabon_2_2 1.04247707885661e-26 0 0 1 1 1 0 0 0 2 0 0 0 0 0 1 0 0 0 0 0 1 0 0 0 0 0 0 0 0 0 0 0 0 0 0 0 0 0 0 1 0 0 0 0 0 0 0 1 0 0 1 0 0 0 0 0 1 0 0 0 0 1 0 0 TRUE
