chrom pos i inv assoc Debug034_aegypti_Playa_Puerto_Rico_F_1 Debug034_aegypti_Playa_Puerto_Rico_F_2 Debug034_aegypti_Playa_Puerto_Rico_F_3 Debug034_aegypti_Playa_Puerto_Rico_F_4 Debug034_aegypti_Playa_Puerto_Rico_F_5 Debug034_aegypti_Playa_Puerto_Rico_F_6 Debug034_aegypti_Playa_Puerto_Rico_F_7 Debug034_aegypti_Playa_Puerto_Rico_F_8 Debug034_aegypti_Playa_Puerto_Rico_M_10 Debug034_aegypti_Playa_Puerto_Rico_M_11 Debug034_aegypti_Playa_Puerto_Rico_M_12 Debug034_aegypti_Playa_Puerto_Rico_M_13 Debug034_aegypti_Playa_Puerto_Rico_M_14 Debug034_aegypti_Playa_Puerto_Rico_M_15 Debug034_aegypti_Playa_Puerto_Rico_M_16 Debug034_aegypti_Playa_Puerto_Rico_M_9 Debug034_aegypti_Ponce_Puerto_Rico_F_1 Debug034_aegypti_Ponce_Puerto_Rico_F_2 Debug034_aegypti_Ponce_Puerto_Rico_F_3 Debug034_aegypti_Ponce_Puerto_Rico_F_4 Debug034_aegypti_Ponce_Puerto_Rico_F_5 Debug034_aegypti_Ponce_Puerto_Rico_F_6 Debug034_aegypti_Ponce_Puerto_Rico_F_7 Debug034_aegypti_Ponce_Puerto_Rico_M_10 Debug034_aegypti_Ponce_Puerto_Rico_M_11 Debug034_aegypti_Ponce_Puerto_Rico_M_12 Debug034_aegypti_Ponce_Puerto_Rico_M_14 Debug034_aegypti_Ponce_Puerto_Rico_M_16 Debug034_aegypti_Ponce_Puerto_Rico_M_9 include
NC_035107.1 248003438 1 1_PuertoRico_2_1 7.63099694213078e-12 0 1 1 2 0 1 0 0 0 1 0 0 1 1 0 0 0 0 0 0 0 0 1 0 0 0 1 1 0 TRUE
NC_035107.1 248003466 2 1_PuertoRico_2_1 7.63099694213078e-12 0 1 1 2 0 1 0 0 0 1 0 0 1 1 0 0 0 0 0 0 0 0 1 0 0 0 1 1 0 TRUE
NC_035107.1 248011761 3 1_PuertoRico_2_1 7.63099694213078e-12 0 1 1 2 0 1 0 0 0 1 0 0 1 1 0 0 0 0 0 0 0 0 1 0 0 0 1 1 0 TRUE
NC_035107.1 248023674 4 1_PuertoRico_2_1 7.63099694213078e-12 0 1 1 2 0 1 0 0 0 1 0 0 1 1 0 0 0 0 0 0 0 0 1 0 0 0 1 1 0 TRUE
NC_035107.1 248024814 5 1_PuertoRico_2_1 7.63099694213078e-12 0 1 1 2 0 1 0 0 0 1 0 0 1 1 0 0 0 0 0 0 0 0 1 0 0 0 1 1 0 TRUE
NC_035107.1 248045322 6 1_PuertoRico_2_1 7.63099694213078e-12 0 1 1 2 0 1 0 0 0 1 0 0 1 1 0 0 0 0 0 0 0 0 1 0 0 0 1 1 0 TRUE
NC_035107.1 248064108 7 1_PuertoRico_2_1 7.63099694213078e-12 0 1 1 2 0 1 0 0 0 1 0 0 1 1 0 0 0 0 0 0 0 0 1 0 0 0 1 1 0 TRUE
NC_035107.1 248064270 8 1_PuertoRico_2_1 7.63099694213078e-12 0 1 1 2 0 1 0 0 0 1 0 0 1 1 0 0 0 0 0 0 0 0 1 0 0 0 1 1 0 TRUE
NC_035107.1 248064561 9 1_PuertoRico_2_1 7.63099694213078e-12 0 1 1 2 0 1 0 0 0 1 0 0 1 1 0 0 0 0 0 0 0 0 1 0 0 0 1 1 0 TRUE
NC_035107.1 248064902 10 1_PuertoRico_2_1 7.63099694213078e-12 0 1 1 2 0 1 0 0 0 1 0 0 1 1 0 0 0 0 0 0 0 0 1 0 0 0 1 1 0 TRUE
NC_035107.1 248065152 11 1_PuertoRico_2_1 7.63099694213078e-12 0 1 1 2 0 1 0 0 0 1 0 0 1 1 0 0 0 0 0 0 0 0 1 0 0 0 1 1 0 TRUE
NC_035107.1 248074370 12 1_PuertoRico_2_1 7.63099694213078e-12 0 1 1 2 0 1 0 0 0 1 0 0 1 1 0 0 0 0 0 0 0 0 1 0 0 0 1 1 0 TRUE
NC_035107.1 248074504 13 1_PuertoRico_2_1 7.63099694213078e-12 0 1 1 2 0 1 0 0 0 1 0 0 1 1 0 0 0 0 0 0 0 0 1 0 0 0 1 1 0 TRUE
NC_035107.1 248075327 14 1_PuertoRico_2_1 7.63099694213078e-12 0 1 1 2 0 1 0 0 0 1 0 0 1 1 0 0 0 0 0 0 0 0 1 0 0 0 1 1 0 TRUE
NC_035107.1 248076272 15 1_PuertoRico_2_1 7.63099694213078e-12 0 1 1 2 0 1 0 0 0 1 0 0 1 1 0 0 0 0 0 0 0 0 1 0 0 0 1 1 0 TRUE
NC_035107.1 248084706 16 1_PuertoRico_2_1 7.63099694213078e-12 0 1 1 2 0 1 0 0 0 1 0 0 1 1 0 0 0 0 0 0 0 0 1 0 0 0 1 1 0 TRUE
NC_035107.1 248099437 17 1_PuertoRico_2_1 7.63099694213078e-12 0 1 1 2 0 1 0 0 0 1 0 0 1 1 0 0 0 0 0 0 0 0 1 0 0 0 1 1 0 TRUE
NC_035107.1 248099717 18 1_PuertoRico_2_1 7.63099694213078e-12 0 1 1 2 0 1 0 0 0 1 0 0 1 1 0 0 0 0 0 0 0 0 1 0 0 0 1 1 0 TRUE
NC_035107.1 248099976 19 1_PuertoRico_2_1 7.63099694213078e-12 0 1 1 2 0 1 0 0 0 1 0 0 1 1 0 0 0 0 0 0 0 0 1 0 0 0 1 1 0 TRUE
NC_035107.1 248100463 20 1_PuertoRico_2_1 7.63099694213078e-12 0 1 1 2 0 1 0 0 0 1 0 0 1 1 0 0 0 0 0 0 0 0 1 0 0 0 1 1 0 TRUE
NC_035107.1 248100862 21 1_PuertoRico_2_1 7.63099694213078e-12 0 1 1 2 0 1 0 0 0 1 0 0 1 1 0 0 0 0 0 0 0 0 1 0 0 0 1 1 0 TRUE
NC_035107.1 248101051 22 1_PuertoRico_2_1 7.63099694213078e-12 0 1 1 2 0 1 0 0 0 1 0 0 1 1 0 0 0 0 0 0 0 0 1 0 0 0 1 1 0 TRUE
NC_035107.1 248105666 23 1_PuertoRico_2_1 7.63099694213078e-12 0 1 1 2 0 1 0 0 0 1 0 0 1 1 0 0 0 0 0 0 0 0 1 0 0 0 1 1 0 TRUE
NC_035107.1 248105742 24 1_PuertoRico_2_1 7.63099694213078e-12 0 1 1 2 0 1 0 0 0 1 0 0 1 1 0 0 0 0 0 0 0 0 1 0 0 0 1 1 0 TRUE
NC_035107.1 248105760 25 1_PuertoRico_2_1 7.63099694213078e-12 0 1 1 2 0 1 0 0 0 1 0 0 1 1 0 0 0 0 0 0 0 0 1 0 0 0 1 1 0 TRUE
NC_035107.1 248106623 26 1_PuertoRico_2_1 7.63099694213078e-12 0 1 1 2 0 1 0 0 0 1 0 0 1 1 0 0 0 0 0 0 0 0 1 0 0 0 1 1 0 TRUE
NC_035107.1 248107008 27 1_PuertoRico_2_1 7.63099694213078e-12 0 1 1 2 0 1 0 0 0 1 0 0 1 1 0 0 0 0 0 0 0 0 1 0 0 0 1 1 0 TRUE
NC_035107.1 248107278 28 1_PuertoRico_2_1 7.63099694213078e-12 0 1 1 2 0 1 0 0 0 1 0 0 1 1 0 0 0 0 0 0 0 0 1 0 0 0 1 1 0 TRUE
NC_035107.1 248109491 29 1_PuertoRico_2_1 7.63099694213078e-12 0 1 1 2 0 1 0 0 0 1 0 0 1 1 0 0 0 0 0 0 0 0 1 0 0 0 1 1 0 TRUE
NC_035107.1 248109555 30 1_PuertoRico_2_1 7.63099694213078e-12 0 1 1 2 0 1 0 0 0 1 0 0 1 1 0 0 0 0 0 0 0 0 1 0 0 0 1 1 0 TRUE
NC_035107.1 248110094 31 1_PuertoRico_2_1 7.63099694213078e-12 0 1 1 2 0 1 0 0 0 1 0 0 1 1 0 0 0 0 0 0 0 0 1 0 0 0 1 1 0 TRUE
NC_035107.1 248110524 32 1_PuertoRico_2_1 7.63099694213078e-12 0 1 1 2 0 1 0 0 0 1 0 0 1 1 0 0 0 0 0 0 0 0 1 0 0 0 1 1 0 TRUE
NC_035107.1 248110536 33 1_PuertoRico_2_1 7.63099694213078e-12 0 1 1 2 0 1 0 0 0 1 0 0 1 1 0 0 0 0 0 0 0 0 1 0 0 0 1 1 0 TRUE
NC_035107.1 248110726 34 1_PuertoRico_2_1 7.63099694213078e-12 0 1 1 2 0 1 0 0 0 1 0 0 1 1 0 0 0 0 0 0 0 0 1 0 0 0 1 1 0 TRUE
NC_035107.1 248112989 35 1_PuertoRico_2_1 7.63099694213078e-12 0 1 1 2 0 1 0 0 0 1 0 0 1 1 0 0 0 0 0 0 0 0 1 0 0 0 1 1 0 TRUE
NC_035107.1 248113067 36 1_PuertoRico_2_1 7.63099694213078e-12 0 1 1 2 0 1 0 0 0 1 0 0 1 1 0 0 0 0 0 0 0 0 1 0 0 0 1 1 0 TRUE
NC_035107.1 248113411 37 1_PuertoRico_2_1 7.63099694213078e-12 0 1 1 2 0 1 0 0 0 1 0 0 1 1 0 0 0 0 0 0 0 0 1 0 0 0 1 1 0 TRUE
NC_035107.1 248125491 38 1_PuertoRico_2_1 7.63099694213078e-12 0 1 1 2 0 1 0 0 0 1 0 0 1 1 0 0 0 0 0 0 0 0 1 0 0 0 1 1 0 TRUE
NC_035107.1 248126826 39 1_PuertoRico_2_1 7.63099694213078e-12 0 1 1 2 0 1 0 0 0 1 0 0 1 1 0 0 0 0 0 0 0 0 1 0 0 0 1 1 0 TRUE
NC_035107.1 248134448 40 1_PuertoRico_2_1 7.63099694213078e-12 0 1 1 2 0 1 0 0 0 1 0 0 1 1 0 0 0 0 0 0 0 0 1 0 0 0 1 1 0 TRUE
NC_035107.1 248135470 41 1_PuertoRico_2_1 7.63099694213078e-12 0 1 1 2 0 1 0 0 0 1 0 0 1 1 0 0 0 0 0 0 0 0 1 0 0 0 1 1 0 TRUE
NC_035107.1 248135511 42 1_PuertoRico_2_1 7.63099694213078e-12 0 1 1 2 0 1 0 0 0 1 0 0 1 1 0 0 0 0 0 0 0 0 1 0 0 0 1 1 0 TRUE
NC_035107.1 248135725 43 1_PuertoRico_2_1 7.63099694213078e-12 0 1 1 2 0 1 0 0 0 1 0 0 1 1 0 0 0 0 0 0 0 0 1 0 0 0 1 1 0 TRUE
NC_035107.1 248136539 44 1_PuertoRico_2_1 7.63099694213078e-12 0 1 1 2 0 1 0 0 0 1 0 0 1 1 0 0 0 0 0 0 0 0 1 0 0 0 1 1 0 TRUE
NC_035107.1 248141841 45 1_PuertoRico_2_1 7.63099694213078e-12 0 1 1 2 0 1 0 0 0 1 0 0 1 1 0 0 0 0 0 0 0 0 1 0 0 0 1 1 0 TRUE
NC_035107.1 248142517 46 1_PuertoRico_2_1 7.63099694213078e-12 0 1 1 2 0 1 0 0 0 1 0 0 1 1 0 0 0 0 0 0 0 0 1 0 0 0 1 1 0 TRUE
NC_035107.1 248142797 47 1_PuertoRico_2_1 7.63099694213078e-12 0 1 1 2 0 1 0 0 0 1 0 0 1 1 0 0 0 0 0 0 0 0 1 0 0 0 1 1 0 TRUE
NC_035107.1 248143533 48 1_PuertoRico_2_1 7.63099694213078e-12 0 1 1 2 0 1 0 0 0 1 0 0 1 1 0 0 0 0 0 0 0 0 1 0 0 0 1 1 0 TRUE
NC_035107.1 248143553 49 1_PuertoRico_2_1 7.63099694213078e-12 0 1 1 2 0 1 0 0 0 1 0 0 1 1 0 0 0 0 0 0 0 0 1 0 0 0 1 1 0 TRUE
NC_035107.1 248144266 50 1_PuertoRico_2_1 7.63099694213078e-12 0 1 1 2 0 1 0 0 0 1 0 0 1 1 0 0 0 0 0 0 0 0 1 0 0 0 1 1 0 TRUE
NC_035107.1 248146129 51 1_PuertoRico_2_1 7.63099694213078e-12 0 1 1 2 0 1 0 0 0 1 0 0 1 1 0 0 0 0 0 0 0 0 1 0 0 0 1 1 0 TRUE
NC_035107.1 248146752 52 1_PuertoRico_2_1 7.63099694213078e-12 0 1 1 2 0 1 0 0 0 1 0 0 1 1 0 0 0 0 0 0 0 0 1 0 0 0 1 1 0 TRUE
NC_035107.1 248146923 53 1_PuertoRico_2_1 7.63099694213078e-12 0 1 1 2 0 1 0 0 0 1 0 0 1 1 0 0 0 0 0 0 0 0 1 0 0 0 1 1 0 TRUE
NC_035107.1 248147828 54 1_PuertoRico_2_1 7.63099694213078e-12 0 1 1 2 0 1 0 0 0 1 0 0 1 1 0 0 0 0 0 0 0 0 1 0 0 0 1 1 0 TRUE
NC_035107.1 248147976 55 1_PuertoRico_2_1 7.63099694213078e-12 0 1 1 2 0 1 0 0 0 1 0 0 1 1 0 0 0 0 0 0 0 0 1 0 0 0 1 1 0 TRUE
NC_035107.1 248148152 56 1_PuertoRico_2_1 7.63099694213078e-12 0 1 1 2 0 1 0 0 0 1 0 0 1 1 0 0 0 0 0 0 0 0 1 0 0 0 1 1 0 TRUE
NC_035107.1 248151627 57 1_PuertoRico_2_1 7.63099694213078e-12 0 1 1 2 0 1 0 0 0 1 0 0 1 1 0 0 0 0 0 0 0 0 1 0 0 0 1 1 0 TRUE
NC_035107.1 248151769 58 1_PuertoRico_2_1 7.63099694213078e-12 0 1 1 2 0 1 0 0 0 1 0 0 1 1 0 0 0 0 0 0 0 0 1 0 0 0 1 1 0 TRUE
NC_035107.1 248153402 59 1_PuertoRico_2_1 7.63099694213078e-12 0 1 1 2 0 1 0 0 0 1 0 0 1 1 0 0 0 0 0 0 0 0 1 0 0 0 1 1 0 TRUE
NC_035107.1 248153775 60 1_PuertoRico_2_1 7.63099694213078e-12 0 1 1 2 0 1 0 0 0 1 0 0 1 1 0 0 0 0 0 0 0 0 1 0 0 0 1 1 0 TRUE
NC_035107.1 248160128 61 1_PuertoRico_2_1 7.63099694213078e-12 0 1 1 2 0 1 0 0 0 1 0 0 1 1 0 0 0 0 0 0 0 0 1 0 0 0 1 1 0 TRUE
NC_035107.1 248160454 62 1_PuertoRico_2_1 7.63099694213078e-12 0 1 1 2 0 1 0 0 0 1 0 0 1 1 0 0 0 0 0 0 0 0 1 0 0 0 1 1 0 TRUE
NC_035107.1 248160981 63 1_PuertoRico_2_1 7.63099694213078e-12 0 1 1 2 0 1 0 0 0 1 0 0 1 1 0 0 0 0 0 0 0 0 1 0 0 0 1 1 0 TRUE
NC_035107.1 248161280 64 1_PuertoRico_2_1 7.63099694213078e-12 0 1 1 2 0 1 0 0 0 1 0 0 1 1 0 0 0 0 0 0 0 0 1 0 0 0 1 1 0 TRUE
NC_035107.1 248166336 65 1_PuertoRico_2_1 7.63099694213078e-12 0 1 1 2 0 1 0 0 0 1 0 0 1 1 0 0 0 0 0 0 0 0 1 0 0 0 1 1 0 TRUE
NC_035107.1 248175353 66 1_PuertoRico_2_1 7.63099694213078e-12 0 1 1 2 0 1 0 0 0 1 0 0 1 1 0 0 0 0 0 0 0 0 1 0 0 0 1 1 0 TRUE
NC_035107.1 248176331 67 1_PuertoRico_2_1 7.63099694213078e-12 0 1 1 2 0 1 0 0 0 1 0 0 1 1 0 0 0 0 0 0 0 0 1 0 0 0 1 1 0 TRUE
NC_035107.1 248183958 68 1_PuertoRico_2_1 7.63099694213078e-12 0 1 1 2 0 1 0 0 0 1 0 0 1 1 0 0 0 0 0 0 0 0 1 0 0 0 1 1 0 TRUE
NC_035107.1 248184180 69 1_PuertoRico_2_1 7.63099694213078e-12 0 1 1 2 0 1 0 0 0 1 0 0 1 1 0 0 0 0 0 0 0 0 1 0 0 0 1 1 0 TRUE
NC_035107.1 248184266 70 1_PuertoRico_2_1 7.63099694213078e-12 0 1 1 2 0 1 0 0 0 1 0 0 1 1 0 0 0 0 0 0 0 0 1 0 0 0 1 1 0 TRUE
NC_035107.1 248184806 71 1_PuertoRico_2_1 7.63099694213078e-12 0 1 1 2 0 1 0 0 0 1 0 0 1 1 0 0 0 0 0 0 0 0 1 0 0 0 1 1 0 TRUE
NC_035107.1 248192921 72 1_PuertoRico_2_1 7.63099694213078e-12 0 1 1 2 0 1 0 0 0 1 0 0 1 1 0 0 0 0 0 0 0 0 1 0 0 0 1 1 0 TRUE
NC_035107.1 248193625 73 1_PuertoRico_2_1 7.63099694213078e-12 0 1 1 2 0 1 0 0 0 1 0 0 1 1 0 0 0 0 0 0 0 0 1 0 0 0 1 1 0 TRUE
NC_035107.1 248194953 74 1_PuertoRico_2_1 7.63099694213078e-12 0 1 1 2 0 1 0 0 0 1 0 0 1 1 0 0 0 0 0 0 0 0 1 0 0 0 1 1 0 TRUE
NC_035107.1 248197489 75 1_PuertoRico_2_1 7.63099694213078e-12 0 1 1 2 0 1 0 0 0 1 0 0 1 1 0 0 0 0 0 0 0 0 1 0 0 0 1 1 0 TRUE
NC_035107.1 248205307 76 1_PuertoRico_2_1 7.63099694213078e-12 0 1 1 2 0 1 0 0 0 1 0 0 1 1 0 0 0 0 0 0 0 0 1 0 0 0 1 1 0 TRUE
NC_035107.1 248205822 77 1_PuertoRico_2_1 7.63099694213078e-12 0 1 1 2 0 1 0 0 0 1 0 0 1 1 0 0 0 0 0 0 0 0 1 0 0 0 1 1 0 TRUE
NC_035107.1 248205992 78 1_PuertoRico_2_1 7.63099694213078e-12 0 1 1 2 0 1 0 0 0 1 0 0 1 1 0 0 0 0 0 0 0 0 1 0 0 0 1 1 0 TRUE
NC_035107.1 248208858 79 1_PuertoRico_2_1 7.63099694213078e-12 0 1 1 2 0 1 0 0 0 1 0 0 1 1 0 0 0 0 0 0 0 0 1 0 0 0 1 1 0 TRUE
NC_035107.1 248208872 80 1_PuertoRico_2_1 7.63099694213078e-12 0 1 1 2 0 1 0 0 0 1 0 0 1 1 0 0 0 0 0 0 0 0 1 0 0 0 1 1 0 TRUE
NC_035107.1 248209259 81 1_PuertoRico_2_1 7.63099694213078e-12 0 1 1 2 0 1 0 0 0 1 0 0 1 1 0 0 0 0 0 0 0 0 1 0 0 0 1 1 0 TRUE
NC_035107.1 248210248 82 1_PuertoRico_2_1 7.63099694213078e-12 0 1 1 2 0 1 0 0 0 1 0 0 1 1 0 0 0 0 0 0 0 0 1 0 0 0 1 1 0 TRUE
NC_035107.1 248210350 83 1_PuertoRico_2_1 7.63099694213078e-12 0 1 1 2 0 1 0 0 0 1 0 0 1 1 0 0 0 0 0 0 0 0 1 0 0 0 1 1 0 TRUE
NC_035107.1 248210435 84 1_PuertoRico_2_1 7.63099694213078e-12 0 1 1 2 0 1 0 0 0 1 0 0 1 1 0 0 0 0 0 0 0 0 1 0 0 0 1 1 0 TRUE
NC_035107.1 248217627 85 1_PuertoRico_2_1 7.63099694213078e-12 0 1 1 2 0 1 0 0 0 1 0 0 1 1 0 0 0 0 0 0 0 0 1 0 0 0 1 1 0 TRUE
NC_035107.1 248219128 86 1_PuertoRico_2_1 7.63099694213078e-12 0 1 1 2 0 1 0 0 0 1 0 0 1 1 0 0 0 0 0 0 0 0 1 0 0 0 1 1 0 TRUE
NC_035107.1 248219222 87 1_PuertoRico_2_1 7.63099694213078e-12 0 1 1 2 0 1 0 0 0 1 0 0 1 1 0 0 0 0 0 0 0 0 1 0 0 0 1 1 0 TRUE
NC_035107.1 248219228 88 1_PuertoRico_2_1 7.63099694213078e-12 0 1 1 2 0 1 0 0 0 1 0 0 1 1 0 0 0 0 0 0 0 0 1 0 0 0 1 1 0 TRUE
NC_035107.1 248219236 89 1_PuertoRico_2_1 7.63099694213078e-12 0 1 1 2 0 1 0 0 0 1 0 0 1 1 0 0 0 0 0 0 0 0 1 0 0 0 1 1 0 TRUE
NC_035107.1 248220039 90 1_PuertoRico_2_1 7.63099694213078e-12 0 1 1 2 0 1 0 0 0 1 0 0 1 1 0 0 0 0 0 0 0 0 1 0 0 0 1 1 0 TRUE
NC_035107.1 248221095 91 1_PuertoRico_2_1 7.63099694213078e-12 0 1 1 2 0 1 0 0 0 1 0 0 1 1 0 0 0 0 0 0 0 0 1 0 0 0 1 1 0 TRUE
NC_035107.1 248221828 92 1_PuertoRico_2_1 7.63099694213078e-12 0 1 1 2 0 1 0 0 0 1 0 0 1 1 0 0 0 0 0 0 0 0 1 0 0 0 1 1 0 TRUE
NC_035107.1 248233681 93 1_PuertoRico_2_1 7.63099694213078e-12 0 1 1 2 0 1 0 0 0 1 0 0 1 1 0 0 0 0 0 0 0 0 1 0 0 0 1 1 0 TRUE
NC_035107.1 248233734 94 1_PuertoRico_2_1 7.63099694213078e-12 0 1 1 2 0 1 0 0 0 1 0 0 1 1 0 0 0 0 0 0 0 0 1 0 0 0 1 1 0 TRUE
NC_035107.1 248233790 95 1_PuertoRico_2_1 7.63099694213078e-12 0 1 1 2 0 1 0 0 0 1 0 0 1 1 0 0 0 0 0 0 0 0 1 0 0 0 1 1 0 TRUE
NC_035107.1 248242399 96 1_PuertoRico_2_1 7.63099694213078e-12 0 1 1 2 0 1 0 0 0 1 0 0 1 1 0 0 0 0 0 0 0 0 1 0 0 0 1 1 0 TRUE
NC_035107.1 248252074 97 1_PuertoRico_2_1 7.63099694213078e-12 0 1 1 2 0 1 0 0 0 1 0 0 1 1 0 0 0 0 0 0 0 0 1 0 0 0 1 1 0 TRUE
NC_035107.1 248252365 98 1_PuertoRico_2_1 7.63099694213078e-12 0 1 1 2 0 1 0 0 0 1 0 0 1 1 0 0 0 0 0 0 0 0 1 0 0 0 1 1 0 TRUE
NC_035107.1 248252858 99 1_PuertoRico_2_1 7.63099694213078e-12 0 1 1 2 0 1 0 0 0 1 0 0 1 1 0 0 0 0 0 0 0 0 1 0 0 0 1 1 0 TRUE
NC_035107.1 248254482 100 1_PuertoRico_2_1 7.63099694213078e-12 0 1 1 2 0 1 0 0 0 1 0 0 1 1 0 0 0 0 0 0 0 0 1 0 0 0 1 1 0 TRUE
NC_035107.1 106772118 1 1_PuertoRico_3_1 7.63099694213078e-12 0 0 0 0 2 0 1 1 0 0 1 0 1 0 0 0 0 0 0 1 0 1 1 0 2 0 1 1 2 TRUE
NC_035107.1 106811816 2 1_PuertoRico_3_1 7.63099694213078e-12 0 0 0 0 2 0 1 1 0 0 1 0 1 0 0 0 0 0 0 1 0 1 1 0 2 0 1 1 2 TRUE
NC_035107.1 106836150 3 1_PuertoRico_3_1 7.63099694213078e-12 0 0 0 0 2 0 1 1 0 0 1 0 1 0 0 0 0 0 0 1 0 1 1 0 2 0 1 1 2 TRUE
NC_035107.1 106837888 4 1_PuertoRico_3_1 7.63099694213078e-12 0 0 0 0 2 0 1 1 0 0 1 0 1 0 0 0 0 0 0 1 0 1 1 0 2 0 1 1 2 TRUE
NC_035107.1 106875114 5 1_PuertoRico_3_1 7.63099694213078e-12 0 0 0 0 2 0 1 1 0 0 1 0 1 0 0 0 0 0 0 1 0 1 1 0 2 0 1 1 2 TRUE
NC_035107.1 106908434 6 1_PuertoRico_3_1 7.63099694213078e-12 0 0 0 0 2 0 1 1 0 0 1 0 1 0 0 0 0 0 0 1 0 1 1 0 2 0 1 1 2 TRUE
NC_035107.1 106974506 7 1_PuertoRico_3_1 7.63099694213078e-12 0 0 0 0 2 0 1 1 0 0 1 0 1 0 0 0 0 0 0 1 0 1 1 0 2 0 1 1 2 TRUE
NC_035107.1 106974749 8 1_PuertoRico_3_1 7.63099694213078e-12 0 0 0 0 2 0 1 1 0 0 1 0 1 0 0 0 0 0 0 1 0 1 1 0 2 0 1 1 2 TRUE
NC_035107.1 106975933 9 1_PuertoRico_3_1 7.63099694213078e-12 0 0 0 0 2 0 1 1 0 0 1 0 1 0 0 0 0 0 0 1 0 1 1 0 2 0 1 1 2 TRUE
NC_035107.1 106976229 10 1_PuertoRico_3_1 7.63099694213078e-12 0 0 0 0 2 0 1 1 0 0 1 0 1 0 0 0 0 0 0 1 0 1 1 0 2 0 1 1 2 TRUE
NC_035107.1 106977788 11 1_PuertoRico_3_1 7.63099694213078e-12 0 0 0 0 2 0 1 1 0 0 1 0 1 0 0 0 0 0 0 1 0 1 1 0 2 0 1 1 2 TRUE
NC_035107.1 106992654 12 1_PuertoRico_3_1 7.63099694213078e-12 0 0 0 0 2 0 1 1 0 0 1 0 1 0 0 0 0 0 0 1 0 1 1 0 2 0 1 1 2 TRUE
NC_035107.1 107037252 13 1_PuertoRico_3_1 7.63099694213078e-12 0 0 0 0 2 0 1 1 0 0 1 0 1 0 0 0 0 0 0 1 0 1 1 0 2 0 1 1 2 TRUE
NC_035107.1 107056410 14 1_PuertoRico_3_1 7.63099694213078e-12 0 0 0 0 2 0 1 1 0 0 1 0 1 0 0 0 0 0 0 1 0 1 1 0 2 0 1 1 2 TRUE
NC_035107.1 107056428 15 1_PuertoRico_3_1 7.63099694213078e-12 0 0 0 0 2 0 1 1 0 0 1 0 1 0 0 0 0 0 0 1 0 1 1 0 2 0 1 1 2 TRUE
NC_035107.1 107078156 16 1_PuertoRico_3_1 7.63099694213078e-12 0 0 0 0 2 0 1 1 0 0 1 0 1 0 0 0 0 0 0 1 0 1 1 0 2 0 1 1 2 TRUE
NC_035107.1 107112366 17 1_PuertoRico_3_1 7.63099694213078e-12 0 0 0 0 2 0 1 1 0 0 1 0 1 0 0 0 0 0 0 1 0 1 1 0 2 0 1 1 2 TRUE
NC_035107.1 107112422 18 1_PuertoRico_3_1 7.63099694213078e-12 0 0 0 0 2 0 1 1 0 0 1 0 1 0 0 0 0 0 0 1 0 1 1 0 2 0 1 1 2 TRUE
NC_035107.1 107112431 19 1_PuertoRico_3_1 7.63099694213078e-12 0 0 0 0 2 0 1 1 0 0 1 0 1 0 0 0 0 0 0 1 0 1 1 0 2 0 1 1 2 TRUE
NC_035107.1 107128662 20 1_PuertoRico_3_1 7.63099694213078e-12 0 0 0 0 2 0 1 1 0 0 1 0 1 0 0 0 0 0 0 1 0 1 1 0 2 0 1 1 2 TRUE
NC_035107.1 107147817 21 1_PuertoRico_3_1 7.63099694213078e-12 0 0 0 0 2 0 1 1 0 0 1 0 1 0 0 0 0 0 0 1 0 1 1 0 2 0 1 1 2 TRUE
NC_035107.1 107155747 22 1_PuertoRico_3_1 7.63099694213078e-12 0 0 0 0 2 0 1 1 0 0 1 0 1 0 0 0 0 0 0 1 0 1 1 0 2 0 1 1 2 TRUE
NC_035107.1 107156108 23 1_PuertoRico_3_1 7.63099694213078e-12 0 0 0 0 2 0 1 1 0 0 1 0 1 0 0 0 0 0 0 1 0 1 1 0 2 0 1 1 2 TRUE
NC_035107.1 107156109 24 1_PuertoRico_3_1 7.63099694213078e-12 0 0 0 0 2 0 1 1 0 0 1 0 1 0 0 0 0 0 0 1 0 1 1 0 2 0 1 1 2 TRUE
NC_035107.1 107156225 25 1_PuertoRico_3_1 7.63099694213078e-12 0 0 0 0 2 0 1 1 0 0 1 0 1 0 0 0 0 0 0 1 0 1 1 0 2 0 1 1 2 TRUE
NC_035107.1 107156632 26 1_PuertoRico_3_1 7.63099694213078e-12 0 0 0 0 2 0 1 1 0 0 1 0 1 0 0 0 0 0 0 1 0 1 1 0 2 0 1 1 2 TRUE
NC_035107.1 107199652 27 1_PuertoRico_3_1 7.63099694213078e-12 0 0 0 0 2 0 1 1 0 0 1 0 1 0 0 0 0 0 0 1 0 1 1 0 2 0 1 1 2 TRUE
NC_035107.1 107211839 28 1_PuertoRico_3_1 7.63099694213078e-12 0 0 0 0 2 0 1 1 0 0 1 0 1 0 0 0 0 0 0 1 0 1 1 0 2 0 1 1 2 TRUE
NC_035107.1 107235642 29 1_PuertoRico_3_1 7.63099694213078e-12 0 0 0 0 2 0 1 1 0 0 1 0 1 0 0 0 0 0 0 1 0 1 1 0 2 0 1 1 2 TRUE
NC_035107.1 107246324 30 1_PuertoRico_3_1 7.63099694213078e-12 0 0 0 0 2 0 1 1 0 0 1 0 1 0 0 0 0 0 0 1 0 1 1 0 2 0 1 1 2 TRUE
NC_035107.1 107312524 31 1_PuertoRico_3_1 7.63099694213078e-12 0 0 0 0 2 0 1 1 0 0 1 0 1 0 0 0 0 0 0 1 0 1 1 0 2 0 1 1 2 TRUE
NC_035107.1 107355920 32 1_PuertoRico_3_1 7.63099694213078e-12 0 0 0 0 2 0 1 1 0 0 1 0 1 0 0 0 0 0 0 1 0 1 1 0 2 0 1 1 2 TRUE
NC_035107.1 107437194 33 1_PuertoRico_3_1 7.63099694213078e-12 0 0 0 0 2 0 1 1 0 0 1 0 1 0 0 0 0 0 0 1 0 1 1 0 2 0 1 1 2 TRUE
NC_035107.1 107437824 34 1_PuertoRico_3_1 7.63099694213078e-12 0 0 0 0 2 0 1 1 0 0 1 0 1 0 0 0 0 0 0 1 0 1 1 0 2 0 1 1 2 TRUE
NC_035107.1 107437913 35 1_PuertoRico_3_1 7.63099694213078e-12 0 0 0 0 2 0 1 1 0 0 1 0 1 0 0 0 0 0 0 1 0 1 1 0 2 0 1 1 2 TRUE
NC_035107.1 107453478 36 1_PuertoRico_3_1 7.63099694213078e-12 0 0 0 0 2 0 1 1 0 0 1 0 1 0 0 0 0 0 0 1 0 1 1 0 2 0 1 1 2 TRUE
NC_035107.1 107501923 37 1_PuertoRico_3_1 7.63099694213078e-12 0 0 0 0 2 0 1 1 0 0 1 0 1 0 0 0 0 0 0 1 0 1 1 0 2 0 1 1 2 TRUE
NC_035107.1 107661099 38 1_PuertoRico_3_1 7.63099694213078e-12 0 0 0 0 2 0 1 1 0 0 1 0 1 0 0 0 0 0 0 1 0 1 1 0 2 0 1 1 2 TRUE
NC_035107.1 107662177 39 1_PuertoRico_3_1 7.63099694213078e-12 0 0 0 0 2 0 1 1 0 0 1 0 1 0 0 0 0 0 0 1 0 1 1 0 2 0 1 1 2 TRUE
NC_035107.1 107666955 40 1_PuertoRico_3_1 7.63099694213078e-12 0 0 0 0 2 0 1 1 0 0 1 0 1 0 0 0 0 0 0 1 0 1 1 0 2 0 1 1 2 TRUE
NC_035107.1 107667659 41 1_PuertoRico_3_1 7.63099694213078e-12 0 0 0 0 2 0 1 1 0 0 1 0 1 0 0 0 0 0 0 1 0 1 1 0 2 0 1 1 2 TRUE
NC_035107.1 107683168 42 1_PuertoRico_3_1 7.63099694213078e-12 0 0 0 0 2 0 1 1 0 0 1 0 1 0 0 0 0 0 0 1 0 1 1 0 2 0 1 1 2 TRUE
NC_035107.1 107683433 43 1_PuertoRico_3_1 7.63099694213078e-12 0 0 0 0 2 0 1 1 0 0 1 0 1 0 0 0 0 0 0 1 0 1 1 0 2 0 1 1 2 TRUE
NC_035107.1 107712612 44 1_PuertoRico_3_1 7.63099694213078e-12 0 0 0 0 2 0 1 1 0 0 1 0 1 0 0 0 0 0 0 1 0 1 1 0 2 0 1 1 2 TRUE
NC_035107.1 107721900 45 1_PuertoRico_3_1 7.63099694213078e-12 0 0 0 0 2 0 1 1 0 0 1 0 1 0 0 0 0 0 0 1 0 1 1 0 2 0 1 1 2 TRUE
NC_035107.1 107744499 46 1_PuertoRico_3_1 7.63099694213078e-12 0 0 0 0 2 0 1 1 0 0 1 0 1 0 0 0 0 0 0 1 0 1 1 0 2 0 1 1 2 TRUE
NC_035107.1 107754018 47 1_PuertoRico_3_1 7.63099694213078e-12 0 0 0 0 2 0 1 1 0 0 1 0 1 0 0 0 0 0 0 1 0 1 1 0 2 0 1 1 2 TRUE
NC_035107.1 107758794 48 1_PuertoRico_3_1 7.63099694213078e-12 0 0 0 0 2 0 1 1 0 0 1 0 1 0 0 0 0 0 0 1 0 1 1 0 2 0 1 1 2 TRUE
NC_035107.1 107758839 49 1_PuertoRico_3_1 7.63099694213078e-12 0 0 0 0 2 0 1 1 0 0 1 0 1 0 0 0 0 0 0 1 0 1 1 0 2 0 1 1 2 TRUE
NC_035107.1 107804098 50 1_PuertoRico_3_1 7.63099694213078e-12 0 0 0 0 2 0 1 1 0 0 1 0 1 0 0 0 0 0 0 1 0 1 1 0 2 0 1 1 2 TRUE
NC_035107.1 107842230 51 1_PuertoRico_3_1 7.63099694213078e-12 0 0 0 0 2 0 1 1 0 0 1 0 1 0 0 0 0 0 0 1 0 1 1 0 2 0 1 1 2 TRUE
NC_035107.1 107848659 52 1_PuertoRico_3_1 7.63099694213078e-12 0 0 0 0 2 0 1 1 0 0 1 0 1 0 0 0 0 0 0 1 0 1 1 0 2 0 1 1 2 TRUE
NC_035107.1 107849294 53 1_PuertoRico_3_1 7.63099694213078e-12 0 0 0 0 2 0 1 1 0 0 1 0 1 0 0 0 0 0 0 1 0 1 1 0 2 0 1 1 2 TRUE
NC_035107.1 107849548 54 1_PuertoRico_3_1 7.63099694213078e-12 0 0 0 0 2 0 1 1 0 0 1 0 1 0 0 0 0 0 0 1 0 1 1 0 2 0 1 1 2 TRUE
NC_035107.1 107922047 55 1_PuertoRico_3_1 7.63099694213078e-12 0 0 0 0 2 0 1 1 0 0 1 0 1 0 0 0 0 0 0 1 0 1 1 0 2 0 1 1 2 TRUE
NC_035107.1 107926274 56 1_PuertoRico_3_1 7.63099694213078e-12 0 0 0 0 2 0 1 1 0 0 1 0 1 0 0 0 0 0 0 1 0 1 1 0 2 0 1 1 2 TRUE
NC_035107.1 107937905 57 1_PuertoRico_3_1 7.63099694213078e-12 0 0 0 0 2 0 1 1 0 0 1 0 1 0 0 0 0 0 0 1 0 1 1 0 2 0 1 1 2 TRUE
NC_035107.1 107944316 58 1_PuertoRico_3_1 7.63099694213078e-12 0 0 0 0 2 0 1 1 0 0 1 0 1 0 0 0 0 0 0 1 0 1 1 0 2 0 1 1 2 TRUE
NC_035107.1 108004773 59 1_PuertoRico_3_1 7.63099694213078e-12 0 0 0 0 2 0 1 1 0 0 1 0 1 0 0 0 0 0 0 1 0 1 1 0 2 0 1 1 2 TRUE
NC_035107.1 108024084 60 1_PuertoRico_3_1 7.63099694213078e-12 0 0 0 0 2 0 1 1 0 0 1 0 1 0 0 0 0 0 0 1 0 1 1 0 2 0 1 1 2 TRUE
NC_035107.1 108026682 61 1_PuertoRico_3_1 7.63099694213078e-12 0 0 0 0 2 0 1 1 0 0 1 0 1 0 0 0 0 0 0 1 0 1 1 0 2 0 1 1 2 TRUE
NC_035107.1 108028710 62 1_PuertoRico_3_1 7.63099694213078e-12 0 0 0 0 2 0 1 1 0 0 1 0 1 0 0 0 0 0 0 1 0 1 1 0 2 0 1 1 2 TRUE
NC_035107.1 108038723 63 1_PuertoRico_3_1 7.63099694213078e-12 0 0 0 0 2 0 1 1 0 0 1 0 1 0 0 0 0 0 0 1 0 1 1 0 2 0 1 1 2 TRUE
NC_035107.1 108039081 64 1_PuertoRico_3_1 7.63099694213078e-12 0 0 0 0 2 0 1 1 0 0 1 0 1 0 0 0 0 0 0 1 0 1 1 0 2 0 1 1 2 TRUE
NC_035107.1 108039101 65 1_PuertoRico_3_1 7.63099694213078e-12 0 0 0 0 2 0 1 1 0 0 1 0 1 0 0 0 0 0 0 1 0 1 1 0 2 0 1 1 2 TRUE
NC_035107.1 108041345 66 1_PuertoRico_3_1 7.63099694213078e-12 0 0 0 0 2 0 1 1 0 0 1 0 1 0 0 0 0 0 0 1 0 1 1 0 2 0 1 1 2 TRUE
NC_035107.1 108041947 67 1_PuertoRico_3_1 7.63099694213078e-12 0 0 0 0 2 0 1 1 0 0 1 0 1 0 0 0 0 0 0 1 0 1 1 0 2 0 1 1 2 TRUE
NC_035107.1 108055366 68 1_PuertoRico_3_1 7.63099694213078e-12 0 0 0 0 2 0 1 1 0 0 1 0 1 0 0 0 0 0 0 1 0 1 1 0 2 0 1 1 2 TRUE
NC_035107.1 108075415 69 1_PuertoRico_3_1 7.63099694213078e-12 0 0 0 0 2 0 1 1 0 0 1 0 1 0 0 0 0 0 0 1 0 1 1 0 2 0 1 1 2 TRUE
NC_035107.1 108083094 70 1_PuertoRico_3_1 7.63099694213078e-12 0 0 0 0 2 0 1 1 0 0 1 0 1 0 0 0 0 0 0 1 0 1 1 0 2 0 1 1 2 TRUE
NC_035107.1 108092805 71 1_PuertoRico_3_1 7.63099694213078e-12 0 0 0 0 2 0 1 1 0 0 1 0 1 0 0 0 0 0 0 1 0 1 1 0 2 0 1 1 2 TRUE
NC_035107.1 108093245 72 1_PuertoRico_3_1 7.63099694213078e-12 0 0 0 0 2 0 1 1 0 0 1 0 1 0 0 0 0 0 0 1 0 1 1 0 2 0 1 1 2 TRUE
NC_035107.1 108109671 73 1_PuertoRico_3_1 7.63099694213078e-12 0 0 0 0 2 0 1 1 0 0 1 0 1 0 0 0 0 0 0 1 0 1 1 0 2 0 1 1 2 TRUE
NC_035107.1 108161307 74 1_PuertoRico_3_1 7.63099694213078e-12 0 0 0 0 2 0 1 1 0 0 1 0 1 0 0 0 0 0 0 1 0 1 1 0 2 0 1 1 2 TRUE
NC_035107.1 108215063 75 1_PuertoRico_3_1 7.63099694213078e-12 0 0 0 0 2 0 1 1 0 0 1 0 1 0 0 0 0 0 0 1 0 1 1 0 2 0 1 1 2 TRUE
NC_035107.1 108224435 76 1_PuertoRico_3_1 7.63099694213078e-12 0 0 0 0 2 0 1 1 0 0 1 0 1 0 0 0 0 0 0 1 0 1 1 0 2 0 1 1 2 TRUE
NC_035107.1 108225510 77 1_PuertoRico_3_1 7.63099694213078e-12 0 0 0 0 2 0 1 1 0 0 1 0 1 0 0 0 0 0 0 1 0 1 1 0 2 0 1 1 2 TRUE
NC_035107.1 108226626 78 1_PuertoRico_3_1 7.63099694213078e-12 0 0 0 0 2 0 1 1 0 0 1 0 1 0 0 0 0 0 0 1 0 1 1 0 2 0 1 1 2 TRUE
NC_035107.1 108242347 79 1_PuertoRico_3_1 7.63099694213078e-12 0 0 0 0 2 0 1 1 0 0 1 0 1 0 0 0 0 0 0 1 0 1 1 0 2 0 1 1 2 TRUE
NC_035107.1 108243398 80 1_PuertoRico_3_1 7.63099694213078e-12 0 0 0 0 2 0 1 1 0 0 1 0 1 0 0 0 0 0 0 1 0 1 1 0 2 0 1 1 2 TRUE
NC_035107.1 108245896 81 1_PuertoRico_3_1 7.63099694213078e-12 0 0 0 0 2 0 1 1 0 0 1 0 1 0 0 0 0 0 0 1 0 1 1 0 2 0 1 1 2 TRUE
NC_035107.1 108257590 82 1_PuertoRico_3_1 7.63099694213078e-12 0 0 0 0 2 0 1 1 0 0 1 0 1 0 0 0 0 0 0 1 0 1 1 0 2 0 1 1 2 TRUE
NC_035107.1 108258205 83 1_PuertoRico_3_1 7.63099694213078e-12 0 0 0 0 2 0 1 1 0 0 1 0 1 0 0 0 0 0 0 1 0 1 1 0 2 0 1 1 2 TRUE
NC_035107.1 108265066 84 1_PuertoRico_3_1 7.63099694213078e-12 0 0 0 0 2 0 1 1 0 0 1 0 1 0 0 0 0 0 0 1 0 1 1 0 2 0 1 1 2 TRUE
NC_035107.1 108266547 85 1_PuertoRico_3_1 7.63099694213078e-12 0 0 0 0 2 0 1 1 0 0 1 0 1 0 0 0 0 0 0 1 0 1 1 0 2 0 1 1 2 TRUE
NC_035107.1 108274670 86 1_PuertoRico_3_1 7.63099694213078e-12 0 0 0 0 2 0 1 1 0 0 1 0 1 0 0 0 0 0 0 1 0 1 1 0 2 0 1 1 2 TRUE
NC_035107.1 108274682 87 1_PuertoRico_3_1 7.63099694213078e-12 0 0 0 0 2 0 1 1 0 0 1 0 1 0 0 0 0 0 0 1 0 1 1 0 2 0 1 1 2 TRUE
NC_035107.1 108279017 88 1_PuertoRico_3_1 7.63099694213078e-12 0 0 0 0 2 0 1 1 0 0 1 0 1 0 0 0 0 0 0 1 0 1 1 0 2 0 1 1 2 TRUE
NC_035107.1 108282909 89 1_PuertoRico_3_1 7.63099694213078e-12 0 0 0 0 2 0 1 1 0 0 1 0 1 0 0 0 0 0 0 1 0 1 1 0 2 0 1 1 2 TRUE
NC_035107.1 108296313 90 1_PuertoRico_3_1 7.63099694213078e-12 0 0 0 0 2 0 1 1 0 0 1 0 1 0 0 0 0 0 0 1 0 1 1 0 2 0 1 1 2 TRUE
NC_035107.1 108299263 91 1_PuertoRico_3_1 7.63099694213078e-12 0 0 0 0 2 0 1 1 0 0 1 0 1 0 0 0 0 0 0 1 0 1 1 0 2 0 1 1 2 TRUE
NC_035107.1 108299396 92 1_PuertoRico_3_1 7.63099694213078e-12 0 0 0 0 2 0 1 1 0 0 1 0 1 0 0 0 0 0 0 1 0 1 1 0 2 0 1 1 2 TRUE
NC_035107.1 108301385 93 1_PuertoRico_3_1 7.63099694213078e-12 0 0 0 0 2 0 1 1 0 0 1 0 1 0 0 0 0 0 0 1 0 1 1 0 2 0 1 1 2 TRUE
NC_035107.1 108302184 94 1_PuertoRico_3_1 7.63099694213078e-12 0 0 0 0 2 0 1 1 0 0 1 0 1 0 0 0 0 0 0 1 0 1 1 0 2 0 1 1 2 TRUE
NC_035107.1 108303532 95 1_PuertoRico_3_1 7.63099694213078e-12 0 0 0 0 2 0 1 1 0 0 1 0 1 0 0 0 0 0 0 1 0 1 1 0 2 0 1 1 2 TRUE
NC_035107.1 108311663 96 1_PuertoRico_3_1 7.63099694213078e-12 0 0 0 0 2 0 1 1 0 0 1 0 1 0 0 0 0 0 0 1 0 1 1 0 2 0 1 1 2 TRUE
NC_035107.1 108311698 97 1_PuertoRico_3_1 7.63099694213078e-12 0 0 0 0 2 0 1 1 0 0 1 0 1 0 0 0 0 0 0 1 0 1 1 0 2 0 1 1 2 TRUE
NC_035107.1 108312828 98 1_PuertoRico_3_1 7.63099694213078e-12 0 0 0 0 2 0 1 1 0 0 1 0 1 0 0 0 0 0 0 1 0 1 1 0 2 0 1 1 2 TRUE
NC_035107.1 108317207 99 1_PuertoRico_3_1 7.63099694213078e-12 0 0 0 0 2 0 1 1 0 0 1 0 1 0 0 0 0 0 0 1 0 1 1 0 2 0 1 1 2 TRUE
NC_035107.1 108317208 100 1_PuertoRico_3_1 7.63099694213078e-12 0 0 0 0 2 0 1 1 0 0 1 0 1 0 0 0 0 0 0 1 0 1 1 0 2 0 1 1 2 TRUE
