cluster	au	bp	meandist	lowdist	size	valid	d	mean_wss	mean_bss	prop_bss	angle	admixed	f3	f3se
107	0.976659399930278	0.083667703647569	0.59464544077527	TRUE	4500000	FALSE	0.89	2.89	9.256	0.762	0	NA	NA	NA
112	0.98248988598769	0.172094635732974	0.610836951232214	TRUE	4500000	FALSE	1.12	2.87	12.677	0.807	0	NA	NA	NA
123	0.987470476111413	0.130959899089296	0.627236525208231	TRUE	5500000	FALSE	0.42	3.69	10.954	0.75	0	NA	NA	NA
124	0.959651002662865	0.121701166083279	0.621235970561213	TRUE	3e+06	FALSE	0.73	2.78	3.974	0.707	0	NA	NA	NA
140	0.977885214276572	0.0102158861835566	0.59714607368911	TRUE	3e+06	TRUE	0.09	0.18	5.495	0.957	40	FALSE	0.0125746117489346	0.0019865466379284
142	0.973421873813559	0.0825025803425907	0.693482824447724	TRUE	3500000	FALSE	0.64	1.43	3.825	0.798	0	NA	NA	NA
146	0.957097452464643	0.0164789551828395	0.695408228844171	TRUE	8500000	FALSE	0.68	2.75	19.527	0.801	0	NA	NA	NA
151	0.962636710815232	0.0212722147381574	0.704120583366674	TRUE	9e+06	FALSE	0.14	2.86	20.352	0.801	0	NA	NA	NA
154	0.976556021033022	0.0552652964966163	0.598484465204681	TRUE	3e+06	FALSE	1.36	2.26	7.574	0.721	0	NA	NA	NA
157	0.998857858777602	0.00556781674758363	0.62544331584114	TRUE	3500000	TRUE	0.07	0.22	6.346	0.954	35	FALSE	0.0135778825781898	0.00192242519870657
160	0.972631946644886	0.202469900242655	0.575820865091734	TRUE	3e+06	TRUE	0.04	0.33	6.281	0.95	-15	FALSE	0.00448423074435058	0.00196028247786687
169	0.983261620984582	0.024236381433381	0.691430527648379	TRUE	5500000	FALSE	0.37	5.99	7.753	0.723	0	NA	NA	NA
170	0.976673557519964	0.0148041131590235	0.715563431154606	TRUE	9500000	FALSE	0.17	3	21.176	0.8	0	NA	NA	NA
174	0.986832904720698	0.161916772260955	0.645530217150083	TRUE	4e+06	FALSE	0.96	3.29	7.94	0.83	0	NA	NA	NA
182	0.998090760402517	0.0152124015879276	0.705897264754857	TRUE	5e+06	FALSE	0.28	3.37	9.384	0.804	0	NA	NA	NA
188	0.95518261850313	0.012492877446251	0.727804953351292	TRUE	1e+07	FALSE	0.14	3.08	22.011	0.802	0	NA	NA	NA
190	0.962146278917161	0.0350230534974059	0.692678121515812	TRUE	4500000	FALSE	1.27	2.7	9.033	0.772	0	NA	NA	NA
192	0.999932173324085	0.00460285418210087	0.819651671648271	TRUE	9e+06	FALSE	0.53	4.3	23.531	0.767	0	NA	NA	NA
193	0.98527637719216	0.0411707354515025	0.746758010518045	TRUE	6e+06	FALSE	0.92	3.65	11.072	0.754	0	NA	NA	NA
194	0.976252640340332	0.011419957170465	0.764682780985302	TRUE	5500000	FALSE	0.83	3.54	10.497	0.722	0	NA	NA	NA
199	0.981764809549417	0.0159368587016285	0.709158098154879	TRUE	6e+06	FALSE	0.31	6.27	8.08	0.722	0	NA	NA	NA
200	0.999999981061731	0.000682816537106969	0.686736922452873	TRUE	5e+06	FALSE	1.22	2.93	14.247	0.751	0	NA	NA	NA
201	0.966967740280952	0.00927050803082605	0.727566487893046	TRUE	6500000	FALSE	0.15	6.72	8.373	0.718	0	NA	NA	NA
202	0.98249435504695	0.0068570182333881	0.744595117161166	TRUE	7e+06	FALSE	0.06	7.07	8.6	0.713	0	NA	NA	NA
213	0.951839474303323	0.0280461506644939	0.691864926880072	TRUE	4e+06	FALSE	0.94	3.02	4.754	0.709	0	NA	NA	NA
216	0.997308325135087	0.00218969188144867	0.733423320418944	TRUE	7500000	FALSE	0.65	4.72	16.415	0.779	0	NA	NA	NA
217	0.991567465145391	0.00283723618297819	0.819821928632267	TRUE	15500000	FALSE	0.89	10.34	15.606	0.724	0	NA	NA	NA
222	0.999998486864395	0.00040898419689108	0.811216359487795	TRUE	7e+06	FALSE	1.15	7.13	8.751	0.71	0	NA	NA	NA
237	0.979524827997718	0.00517092484391093	0.794465126907236	TRUE	8500000	FALSE	1.97	4.18	16.607	0.755	0	NA	NA	NA
337	0.985694218788764	0.0181584533151375	0.808230419353104	TRUE	8e+06	FALSE	1.93	2.13	17.503	0.789	0	NA	NA	NA
54	0.975311958576249	0.348540502591518	0.474110286183707	TRUE	3e+06	TRUE	0.18	0.62	6.885	0.951	-20	FALSE	0.00866368985841285	0.00131485264788595
615	0.994546344793005	0.00470645818975107	0.819940056805977	TRUE	8500000	FALSE	1.87	2.25	16.659	0.797	0	NA	NA	NA
82	0.962002288138612	0.163607444152637	0.53911100599525	TRUE	2500000	TRUE	0.08	0.3	7.786	0.951	-5	FALSE	0.0201730016638481	0.00399146791632571
9	0.993412257569506	0.718726492980949	0.414915952379479	TRUE	2500000	TRUE	0.18	0.53	5.991	0.951	-20	FALSE	0.00717231351896367	0.000992110384681603
90	0.956818008970957	0.162358936746097	0.573823942771642	TRUE	4e+06	FALSE	0.93	2.66	12.572	0.81	0	NA	NA	NA
97	0.962499522591139	0.162071357235826	0.571413609533151	TRUE	2500000	FALSE	0.91	1.87	4.386	0.704	0	NA	NA	NA
