inv	country	pop	aa	ab	bb	n	maf	P	HWE
1	Thailand	all	18	0	0	18	0	1	1
1	Thailand	Bangkok	18	0	0	18	0	1	1
1	USA	all	121	1	0	122	0.00409836065573771	0.999999999999545	1
1	USA	Clovis	16	0	0	16	0	1	1
1	USA	New_Orleans	15	0	0	15	0	1	1
1	USA	Miami	15	0	0	15	0	1	1
1	USA	Las_Cruces	18	0	0	18	0	1	1
1	USA	Roswell	19	0	0	19	0	1	1
1	USA	Coachella	19	0	0	19	0	1	1
1	USA	Los_Angeles	19	1	0	20	0.025	1	1
1	Angola	all	8	5	0	13	0.192307692307692	0.999999999999999	1
1	Angola	Cuanda	8	5	0	13	0.192307692307692	0.999999999999999	1
1	Vietnam	all	20	0	0	20	0	1	1
1	Vietnam	HoChiMin	20	0	0	20	0	1	1
1	SouthAfrica	all	11	0	0	11	0	1	1
1	SouthAfrica	Skukusa	11	0	0	11	0	1	1
1	Tahiti	all	9	0	0	9	0	1	1
1	Tahiti	Tahiti	9	0	0	9	0	1	1
1	Kenya	all	88	19	25	132	0.261363636363636	4.24098385627829e-12	0
1	Kenya	Arabuko	18	0	0	18	0	1	1
1	Kenya	Ganda	7	1	0	8	0.0625	1	1
1	Kenya	Kakamega	1	4	13	18	0.833333333333333	0.390029325513187	1
1	Kenya	KayaBomu	14	2	1	17	0.117647058823529	0.178885630498534	1
1	Kenya	Kwale	15	4	0	19	0.105263157894737	0.99999999999997	1
1	Kenya	Rabai_2017	13	4	0	17	0.117647058823529	1	1
1	Kenya	ShimbaHills	8	0	0	8	0	1	1
1	Kenya	Virhembe	0	4	11	15	0.866666666666667	0.999999999999996	1
1	Kenya	Rabai_2009	12	0	0	12	0	1	1
1	Uganda	all	1	5	20	26	0.865384615384615	0.370641873770792	1
1	Uganda	Bundibugyo	0	2	5	7	0.857142857142857	0.999999999999996	1
1	Uganda	Kichwamba	1	1	6	8	0.8125	0.199999999999999	1
1	Uganda	Entebbe	0	2	9	11	0.909090909090909	1.00000000000001	1
1	Brazil	all	200	2	0	202	0.00495049504950495	0.999999999999976	1
1	Brazil	Jacobina	16	0	0	16	0	1	1
1	Brazil	Santarem	16	0	0	16	0	1	1
1	Brazil	Cuiaba	20	0	0	20	0	1	1
1	Brazil	Manaus	19	0	0	19	0	1	1
1	Brazil	Palmas	19	0	0	19	0	1	1
1	Brazil	Passo_Fundo	17	2	0	19	0.0526315789473684	0.999999999999996	1
1	Brazil	Sao_Luiz	18	0	0	18	0	1	1
1	Brazil	Lagarto	20	0	0	20	0	1	1
1	Brazil	Maringa	18	0	0	18	0	1	1
1	Brazil	Patos_de_Minas	18	0	0	18	0	1	1
1	Brazil	Porto_Velho	19	0	0	19	0	1	1
1	SaudiArabia	all	31	0	0	31	0	1	1
1	SaudiArabia	Jeddah	16	0	0	16	0	1	1
1	SaudiArabia	Mecca	15	0	0	15	0	1	1
1	Colombia	all	6	0	0	6	0	1	1
1	Colombia	Cali	6	0	0	6	0	1	1
1	Gabon	all	16	12	14	42	0.476190476190476	0.00586036552752038	0
1	Gabon	Franceville	1	2	10	13	0.846153846153846	0.234782608695653	1
1	Gabon	Libreville	3	7	4	14	0.535714285714286	0.999999999999997	1
1	Gabon	Lope_village	12	3	0	15	0.1	1.00000000000001	1
1	Cameroon	all	0	1	12	13	0.961538461538462	1	1
1	Cameroon	YAOMO	0	1	12	13	0.961538461538462	1	1
1	Pakistan	all	14	0	0	14	0	1	1
1	Pakistan	Pakistan	14	0	0	14	0	1	1
1	Argentina	all	5	5	2	12	0.375	1.00000000000001	1
1	Argentina	El_Dorado	5	5	2	12	0.375	1.00000000000001	1
1	Dominica	all	15	0	0	15	0	1	1
1	Dominica	North_Dominica	5	0	0	5	0	1	1
1	Dominica	Roseau	10	0	0	10	0	1	1
1	Turkey	all	12	0	0	12	0	1	1
1	Turkey	Pazar	12	0	0	12	0	1	1
1	Trinidad	all	20	0	0	20	0	1	1
1	Trinidad	Trinidad	20	0	0	20	0	1	1
1	BurkinaFaso	all	12	7	17	36	0.569444444444444	0.000405044766930887	0
1	BurkinaFaso	Ouaga	1	3	16	20	0.875	0.246015246015242	1
1	BurkinaFaso	Ouahigouya	11	4	1	16	0.1875	0.434433320973918	1
1	SriLanka	all	12	0	0	12	0	1	1
1	SriLanka	Jaffna	12	0	0	12	0	1	1
1	USVirginIslands	all	18	0	0	18	0	1	1
1	USVirginIslands	Croix	18	0	0	18	0	1	1
1	Taiwan	all	14	0	0	14	0	1	1
1	Taiwan	Taiwan	14	0	0	14	0	1	1
1	Nigeria	all	13	6	0	19	0.157894736842105	0.999999999999985	1
1	Nigeria	Awka	13	6	0	19	0.157894736842105	0.999999999999985	1
1	Senegal	all	67	24	10	101	0.217821782178218	0.00596261869178698	0
1	Senegal	Bantata	10	1	0	11	0.0454545454545455	0.999999999999993	1
1	Senegal	Thies	3	4	7	14	0.642857142857143	0.238443935926773	1
1	Senegal	Kedougou	15	4	0	19	0.105263157894737	0.99999999999997	1
1	Senegal	Mindin	15	5	0	20	0.125	0.999999999999987	1
1	Senegal	Ngoye	7	9	3	19	0.394736842105263	0.999999999999992	1
1	Senegal	PK10	17	1	0	18	0.0277777777777778	0.999999999999986	1
1	Ghana	all	16	16	8	40	0.4	0.326986264002892	1
1	Ghana	Boabeng	1	1	0	2	0.25	1	1
1	Ghana	Kintampo	10	8	0	18	0.222222222222222	0.528850237637771	1
1	Ghana	Kumasi	5	7	8	20	0.575	0.204248348630993	1
1	Philippines	all	34	0	0	34	0	1	1
1	Philippines	Rural_Sulawesi	16	0	0	16	0	1	1
1	Philippines	Urban_Sulawesi	18	0	0	18	0	1	1
1	PuertoRico	all	29	0	0	29	0	1	1
1	PuertoRico	Playa	16	0	0	16	0	1	1
1	PuertoRico	Ponce	13	0	0	13	0	1	1
2	Thailand	all	18	0	0	18	0	1	1
2	Thailand	Bangkok	18	0	0	18	0	1	1
2	USA	all	121	1	0	122	0.00409836065573771	0.999999999999545	1
2	USA	Clovis	16	0	0	16	0	1	1
2	USA	New_Orleans	15	0	0	15	0	1	1
2	USA	Miami	14	1	0	15	0.0333333333333333	1	1
2	USA	Las_Cruces	18	0	0	18	0	1	1
2	USA	Roswell	19	0	0	19	0	1	1
2	USA	Coachella	19	0	0	19	0	1	1
2	USA	Los_Angeles	20	0	0	20	0	1	1
2	Angola	all	13	0	0	13	0	1	1
2	Angola	Cuanda	13	0	0	13	0	1	1
2	Vietnam	all	20	0	0	20	0	1	1
2	Vietnam	HoChiMin	20	0	0	20	0	1	1
2	SouthAfrica	all	11	0	0	11	0	1	1
2	SouthAfrica	Skukusa	11	0	0	11	0	1	1
2	Tahiti	all	9	0	0	9	0	1	1
2	Tahiti	Tahiti	9	0	0	9	0	1	1
2	Kenya	all	121	11	0	132	0.0416666666666667	0.99999999999989	1
2	Kenya	Arabuko	18	0	0	18	0	1	1
2	Kenya	Ganda	8	0	0	8	0	1	1
2	Kenya	Kakamega	16	2	0	18	0.0555555555555556	0.999999999999963	1
2	Kenya	KayaBomu	14	3	0	17	0.0882352941176471	1.00000000000001	1
2	Kenya	Kwale	17	2	0	19	0.0526315789473684	0.999999999999996	1
2	Kenya	Rabai_2017	17	0	0	17	0	1	1
2	Kenya	ShimbaHills	8	0	0	8	0	1	1
2	Kenya	Virhembe	11	4	0	15	0.133333333333333	0.999999999999996	1
2	Kenya	Rabai_2009	12	0	0	12	0	1	1
2	Uganda	all	19	7	0	26	0.134615384615385	1.00000000000001	1
2	Uganda	Bundibugyo	5	2	0	7	0.142857142857143	0.999999999999996	1
2	Uganda	Kichwamba	8	0	0	8	0	1	1
2	Uganda	Entebbe	6	5	0	11	0.227272727272727	1.00000000000001	1
2	Brazil	all	202	0	0	202	0	1	1
2	Brazil	Jacobina	16	0	0	16	0	1	1
2	Brazil	Santarem	16	0	0	16	0	1	1
2	Brazil	Cuiaba	20	0	0	20	0	1	1
2	Brazil	Manaus	19	0	0	19	0	1	1
2	Brazil	Palmas	19	0	0	19	0	1	1
2	Brazil	Passo_Fundo	19	0	0	19	0	1	1
2	Brazil	Sao_Luiz	18	0	0	18	0	1	1
2	Brazil	Lagarto	20	0	0	20	0	1	1
2	Brazil	Maringa	18	0	0	18	0	1	1
2	Brazil	Patos_de_Minas	18	0	0	18	0	1	1
2	Brazil	Porto_Velho	19	0	0	19	0	1	1
2	SaudiArabia	all	31	0	0	31	0	1	1
2	SaudiArabia	Jeddah	16	0	0	16	0	1	1
2	SaudiArabia	Mecca	15	0	0	15	0	1	1
2	Colombia	all	6	0	0	6	0	1	1
2	Colombia	Cali	6	0	0	6	0	1	1
2	Gabon	all	42	0	0	42	0	1	1
2	Gabon	Franceville	13	0	0	13	0	1	1
2	Gabon	Libreville	14	0	0	14	0	1	1
2	Gabon	Lope_village	15	0	0	15	0	1	1
2	Cameroon	all	13	0	0	13	0	1	1
2	Cameroon	YAOMO	13	0	0	13	0	1	1
2	Pakistan	all	14	0	0	14	0	1	1
2	Pakistan	Pakistan	14	0	0	14	0	1	1
2	Argentina	all	12	0	0	12	0	1	1
2	Argentina	El_Dorado	12	0	0	12	0	1	1
2	Dominica	all	10	4	1	15	0.2	0.460536398467431	1
2	Dominica	North_Dominica	5	0	0	5	0	1	1
2	Dominica	Roseau	5	4	1	10	0.3	1	1
2	Turkey	all	12	0	0	12	0	1	1
2	Turkey	Pazar	12	0	0	12	0	1	1
2	Trinidad	all	19	1	0	20	0.025	1	1
2	Trinidad	Trinidad	19	1	0	20	0.025	1	1
2	BurkinaFaso	all	34	2	0	36	0.0277777777777778	0.999999999999977	1
2	BurkinaFaso	Ouaga	19	1	0	20	0.025	1	1
2	BurkinaFaso	Ouahigouya	15	1	0	16	0.03125	1	1
2	SriLanka	all	12	0	0	12	0	1	1
2	SriLanka	Jaffna	12	0	0	12	0	1	1
2	USVirginIslands	all	16	2	0	18	0.0555555555555556	0.999999999999963	1
2	USVirginIslands	Croix	16	2	0	18	0.0555555555555556	0.999999999999963	1
2	Taiwan	all	14	0	0	14	0	1	1
2	Taiwan	Taiwan	14	0	0	14	0	1	1
2	Nigeria	all	17	2	0	19	0.0526315789473684	0.999999999999996	1
2	Nigeria	Awka	17	2	0	19	0.0526315789473684	0.999999999999996	1
2	Senegal	all	83	16	2	101	0.099009900990099	0.23939892459739	1
2	Senegal	Bantata	8	3	0	11	0.136363636363636	1.00000000000001	1
2	Senegal	Thies	14	0	0	14	0	1	1
2	Senegal	Kedougou	15	2	2	19	0.157894736842105	0.034047034047033	1
2	Senegal	Mindin	15	5	0	20	0.125	0.999999999999987	1
2	Senegal	Ngoye	18	1	0	19	0.0263157894736842	0.999999999999986	1
2	Senegal	PK10	13	5	0	18	0.138888888888889	0.999999999999988	1
2	Ghana	all	38	2	0	40	0.025	0.99999999999995	1
2	Ghana	Boabeng	2	0	0	2	0	1	1
2	Ghana	Kintampo	16	2	0	18	0.0555555555555556	0.999999999999963	1
2	Ghana	Kumasi	20	0	0	20	0	1	1
2	Philippines	all	34	0	0	34	0	1	1
2	Philippines	Rural_Sulawesi	16	0	0	16	0	1	1
2	Philippines	Urban_Sulawesi	18	0	0	18	0	1	1
2	PuertoRico	all	24	5	0	29	0.0862068965517241	1.00000000000002	1
2	PuertoRico	Playa	14	2	0	16	0.0625	0.999999999999998	1
2	PuertoRico	Ponce	10	3	0	13	0.115384615384615	0.999999999999998	1
3	Thailand	all	18	0	0	18	0	1	1
3	Thailand	Bangkok	18	0	0	18	0	1	1
3	USA	all	122	0	0	122	0	1	1
3	USA	Clovis	16	0	0	16	0	1	1
3	USA	New_Orleans	15	0	0	15	0	1	1
3	USA	Miami	15	0	0	15	0	1	1
3	USA	Las_Cruces	18	0	0	18	0	1	1
3	USA	Roswell	19	0	0	19	0	1	1
3	USA	Coachella	19	0	0	19	0	1	1
3	USA	Los_Angeles	20	0	0	20	0	1	1
3	Angola	all	13	0	0	13	0	1	1
3	Angola	Cuanda	13	0	0	13	0	1	1
3	Vietnam	all	20	0	0	20	0	1	1
3	Vietnam	HoChiMin	20	0	0	20	0	1	1
3	SouthAfrica	all	11	0	0	11	0	1	1
3	SouthAfrica	Skukusa	11	0	0	11	0	1	1
3	Tahiti	all	9	0	0	9	0	1	1
3	Tahiti	Tahiti	9	0	0	9	0	1	1
3	Kenya	all	132	0	0	132	0	1	1
3	Kenya	Arabuko	18	0	0	18	0	1	1
3	Kenya	Ganda	8	0	0	8	0	1	1
3	Kenya	Kakamega	18	0	0	18	0	1	1
3	Kenya	KayaBomu	17	0	0	17	0	1	1
3	Kenya	Kwale	19	0	0	19	0	1	1
3	Kenya	Rabai_2017	17	0	0	17	0	1	1
3	Kenya	ShimbaHills	8	0	0	8	0	1	1
3	Kenya	Virhembe	15	0	0	15	0	1	1
3	Kenya	Rabai_2009	12	0	0	12	0	1	1
3	Uganda	all	25	1	0	26	0.0192307692307692	1	1
3	Uganda	Bundibugyo	7	0	0	7	0	1	1
3	Uganda	Kichwamba	8	0	0	8	0	1	1
3	Uganda	Entebbe	10	1	0	11	0.0454545454545455	0.999999999999993	1
3	Brazil	all	202	0	0	202	0	1	1
3	Brazil	Jacobina	16	0	0	16	0	1	1
3	Brazil	Santarem	16	0	0	16	0	1	1
3	Brazil	Cuiaba	20	0	0	20	0	1	1
3	Brazil	Manaus	19	0	0	19	0	1	1
3	Brazil	Palmas	19	0	0	19	0	1	1
3	Brazil	Passo_Fundo	19	0	0	19	0	1	1
3	Brazil	Sao_Luiz	18	0	0	18	0	1	1
3	Brazil	Lagarto	20	0	0	20	0	1	1
3	Brazil	Maringa	18	0	0	18	0	1	1
3	Brazil	Patos_de_Minas	18	0	0	18	0	1	1
3	Brazil	Porto_Velho	19	0	0	19	0	1	1
3	SaudiArabia	all	31	0	0	31	0	1	1
3	SaudiArabia	Jeddah	16	0	0	16	0	1	1
3	SaudiArabia	Mecca	15	0	0	15	0	1	1
3	Colombia	all	6	0	0	6	0	1	1
3	Colombia	Cali	6	0	0	6	0	1	1
3	Gabon	all	36	4	2	42	0.0952380952380952	0.0296621853736389	1
3	Gabon	Franceville	13	0	0	13	0	1	1
3	Gabon	Libreville	14	0	0	14	0	1	1
3	Gabon	Lope_village	9	4	2	15	0.266666666666667	0.225987006496754	1
3	Cameroon	all	13	0	0	13	0	1	1
3	Cameroon	YAOMO	13	0	0	13	0	1	1
3	Pakistan	all	14	0	0	14	0	1	1
3	Pakistan	Pakistan	14	0	0	14	0	1	1
3	Argentina	all	12	0	0	12	0	1	1
3	Argentina	El_Dorado	12	0	0	12	0	1	1
3	Dominica	all	15	0	0	15	0	1	1
3	Dominica	North_Dominica	5	0	0	5	0	1	1
3	Dominica	Roseau	10	0	0	10	0	1	1
3	Turkey	all	12	0	0	12	0	1	1
3	Turkey	Pazar	12	0	0	12	0	1	1
3	Trinidad	all	20	0	0	20	0	1	1
3	Trinidad	Trinidad	20	0	0	20	0	1	1
3	BurkinaFaso	all	36	0	0	36	0	1	1
3	BurkinaFaso	Ouaga	20	0	0	20	0	1	1
3	BurkinaFaso	Ouahigouya	16	0	0	16	0	1	1
3	SriLanka	all	12	0	0	12	0	1	1
3	SriLanka	Jaffna	12	0	0	12	0	1	1
3	USVirginIslands	all	18	0	0	18	0	1	1
3	USVirginIslands	Croix	18	0	0	18	0	1	1
3	Taiwan	all	14	0	0	14	0	1	1
3	Taiwan	Taiwan	14	0	0	14	0	1	1
3	Nigeria	all	19	0	0	19	0	1	1
3	Nigeria	Awka	19	0	0	19	0	1	1
3	Senegal	all	98	3	0	101	0.0148514851485149	1.00000000000001	1
3	Senegal	Bantata	11	0	0	11	0	1	1
3	Senegal	Thies	14	0	0	14	0	1	1
3	Senegal	Kedougou	18	1	0	19	0.0263157894736842	0.999999999999986	1
3	Senegal	Mindin	18	2	0	20	0.05	1	1
3	Senegal	Ngoye	19	0	0	19	0	1	1
3	Senegal	PK10	18	0	0	18	0	1	1
3	Ghana	all	40	0	0	40	0	1	1
3	Ghana	Boabeng	2	0	0	2	0	1	1
3	Ghana	Kintampo	18	0	0	18	0	1	1
3	Ghana	Kumasi	20	0	0	20	0	1	1
3	Philippines	all	34	0	0	34	0	1	1
3	Philippines	Rural_Sulawesi	16	0	0	16	0	1	1
3	Philippines	Urban_Sulawesi	18	0	0	18	0	1	1
3	PuertoRico	all	29	0	0	29	0	1	1
3	PuertoRico	Playa	16	0	0	16	0	1	1
3	PuertoRico	Ponce	13	0	0	13	0	1	1
4	Thailand	all	18	0	0	18	0	1	1
4	Thailand	Bangkok	18	0	0	18	0	1	1
4	USA	all	118	4	0	122	0.0163934426229508	0.999999999999586	1
4	USA	Clovis	15	1	0	16	0.03125	1	1
4	USA	New_Orleans	15	0	0	15	0	1	1
4	USA	Miami	15	0	0	15	0	1	1
4	USA	Las_Cruces	17	1	0	18	0.0277777777777778	0.999999999999986	1
4	USA	Roswell	18	1	0	19	0.0263157894736842	0.999999999999986	1
4	USA	Coachella	19	0	0	19	0	1	1
4	USA	Los_Angeles	19	1	0	20	0.025	1	1
4	Angola	all	10	3	0	13	0.115384615384615	0.999999999999998	1
4	Angola	Cuanda	10	3	0	13	0.115384615384615	0.999999999999998	1
4	Vietnam	all	20	0	0	20	0	1	1
4	Vietnam	HoChiMin	20	0	0	20	0	1	1
4	SouthAfrica	all	0	3	8	11	0.863636363636364	1.00000000000001	1
4	SouthAfrica	Skukusa	0	3	8	11	0.863636363636364	1.00000000000001	1
4	Tahiti	all	9	0	0	9	0	1	1
4	Tahiti	Tahiti	9	0	0	9	0	1	1
4	Kenya	all	39	43	50	132	0.541666666666667	9.69434454861225e-05	0
4	Kenya	Arabuko	0	4	14	18	0.888888888888889	0.999999999999975	1
4	Kenya	Ganda	0	2	6	8	0.875	0.999999999999998	1
4	Kenya	Kakamega	17	1	0	18	0.0277777777777778	0.999999999999986	1
4	Kenya	KayaBomu	0	11	6	17	0.676470588235294	0.108144852305032	1
4	Kenya	Kwale	0	13	6	19	0.657894736842105	0.0474300774634469	1
4	Kenya	Rabai_2017	0	5	12	17	0.852941176470588	1	1
4	Kenya	ShimbaHills	0	3	5	8	0.8125	0.999999999999997	1
4	Kenya	Virhembe	13	2	0	15	0.0666666666666667	1.00000000000001	1
4	Kenya	Rabai_2009	9	2	1	12	0.166666666666667	0.254658385093169	1
4	Uganda	all	22	4	0	26	0.0769230769230769	0.999999999999966	1
4	Uganda	Bundibugyo	7	0	0	7	0	1	1
4	Uganda	Kichwamba	4	4	0	8	0.25	0.999999999999999	1
4	Uganda	Entebbe	11	0	0	11	0	1	1
4	Brazil	all	202	0	0	202	0	1	1
4	Brazil	Jacobina	16	0	0	16	0	1	1
4	Brazil	Santarem	16	0	0	16	0	1	1
4	Brazil	Cuiaba	20	0	0	20	0	1	1
4	Brazil	Manaus	19	0	0	19	0	1	1
4	Brazil	Palmas	19	0	0	19	0	1	1
4	Brazil	Passo_Fundo	19	0	0	19	0	1	1
4	Brazil	Sao_Luiz	18	0	0	18	0	1	1
4	Brazil	Lagarto	20	0	0	20	0	1	1
4	Brazil	Maringa	18	0	0	18	0	1	1
4	Brazil	Patos_de_Minas	18	0	0	18	0	1	1
4	Brazil	Porto_Velho	19	0	0	19	0	1	1
4	SaudiArabia	all	31	0	0	31	0	1	1
4	SaudiArabia	Jeddah	16	0	0	16	0	1	1
4	SaudiArabia	Mecca	15	0	0	15	0	1	1
4	Colombia	all	6	0	0	6	0	1	1
4	Colombia	Cali	6	0	0	6	0	1	1
4	Gabon	all	31	11	0	42	0.130952380952381	1.00000000000002	1
4	Gabon	Franceville	6	7	0	13	0.269230769230769	0.499130434782611	1
4	Gabon	Libreville	13	1	0	14	0.0357142857142857	0.999999999999986	1
4	Gabon	Lope_village	12	3	0	15	0.1	1.00000000000001	1
4	Cameroon	all	13	0	0	13	0	1	1
4	Cameroon	YAOMO	13	0	0	13	0	1	1
4	Pakistan	all	14	0	0	14	0	1	1
4	Pakistan	Pakistan	14	0	0	14	0	1	1
4	Argentina	all	12	0	0	12	0	1	1
4	Argentina	El_Dorado	12	0	0	12	0	1	1
4	Dominica	all	15	0	0	15	0	1	1
4	Dominica	North_Dominica	5	0	0	5	0	1	1
4	Dominica	Roseau	10	0	0	10	0	1	1
4	Turkey	all	12	0	0	12	0	1	1
4	Turkey	Pazar	12	0	0	12	0	1	1
4	Trinidad	all	20	0	0	20	0	1	1
4	Trinidad	Trinidad	20	0	0	20	0	1	1
4	BurkinaFaso	all	36	0	0	36	0	1	1
4	BurkinaFaso	Ouaga	20	0	0	20	0	1	1
4	BurkinaFaso	Ouahigouya	16	0	0	16	0	1	1
4	SriLanka	all	12	0	0	12	0	1	1
4	SriLanka	Jaffna	12	0	0	12	0	1	1
4	USVirginIslands	all	18	0	0	18	0	1	1
4	USVirginIslands	Croix	18	0	0	18	0	1	1
4	Taiwan	all	13	1	0	14	0.0357142857142857	0.999999999999986	1
4	Taiwan	Taiwan	13	1	0	14	0.0357142857142857	0.999999999999986	1
4	Nigeria	all	19	0	0	19	0	1	1
4	Nigeria	Awka	19	0	0	19	0	1	1
4	Senegal	all	101	0	0	101	0	1	1
4	Senegal	Bantata	11	0	0	11	0	1	1
4	Senegal	Thies	14	0	0	14	0	1	1
4	Senegal	Kedougou	19	0	0	19	0	1	1
4	Senegal	Mindin	20	0	0	20	0	1	1
4	Senegal	Ngoye	19	0	0	19	0	1	1
4	Senegal	PK10	18	0	0	18	0	1	1
4	Ghana	all	40	0	0	40	0	1	1
4	Ghana	Boabeng	2	0	0	2	0	1	1
4	Ghana	Kintampo	18	0	0	18	0	1	1
4	Ghana	Kumasi	20	0	0	20	0	1	1
4	Philippines	all	34	0	0	34	0	1	1
4	Philippines	Rural_Sulawesi	16	0	0	16	0	1	1
4	Philippines	Urban_Sulawesi	18	0	0	18	0	1	1
4	PuertoRico	all	29	0	0	29	0	1	1
4	PuertoRico	Playa	16	0	0	16	0	1	1
4	PuertoRico	Ponce	13	0	0	13	0	1	1
5	Thailand	all	0	0	18	18	1	1	1
5	Thailand	Bangkok	0	0	18	18	1	1	1
5	USA	all	7	31	84	122	0.815573770491803	0.124501156787798	1
5	USA	Clovis	0	4	12	16	0.875	1.00000000000002	1
5	USA	New_Orleans	0	2	13	15	0.933333333333333	1.00000000000001	1
5	USA	Miami	0	0	15	15	1	1	1
5	USA	Las_Cruces	2	5	11	18	0.75	0.259621802002219	1
5	USA	Roswell	1	9	9	19	0.710526315789474	0.999999999999987	1
5	USA	Coachella	0	4	15	19	0.894736842105263	0.99999999999997	1
5	USA	Los_Angeles	4	7	9	20	0.625	0.3394061469701	1
5	Angola	all	0	5	8	13	0.807692307692308	0.999999999999999	1
5	Angola	Cuanda	0	5	8	13	0.807692307692308	0.999999999999999	1
5	Vietnam	all	0	0	20	20	1	1	1
5	Vietnam	HoChiMin	0	0	20	20	1	1	1
5	SouthAfrica	all	6	5	0	11	0.227272727272727	1.00000000000001	1
5	SouthAfrica	Skukusa	6	5	0	11	0.227272727272727	1.00000000000001	1
5	Tahiti	all	0	0	9	9	1	1	1
5	Tahiti	Tahiti	0	0	9	9	1	1	1
5	Kenya	all	68	53	11	132	0.284090909090909	0.833344017324911	1
5	Kenya	Arabuko	13	5	0	18	0.138888888888889	0.999999999999988	1
5	Kenya	Ganda	8	0	0	8	0	1	1
5	Kenya	Kakamega	4	13	1	18	0.416666666666667	0.0738261367849783	1
5	Kenya	KayaBomu	6	11	0	17	0.323529411764706	0.108144852305032	1
5	Kenya	Kwale	6	12	1	19	0.368421052631579	0.317651444547991	1
5	Kenya	Rabai_2017	12	5	0	17	0.147058823529412	1	1
5	Kenya	ShimbaHills	6	2	0	8	0.125	0.999999999999998	1
5	Kenya	Virhembe	12	3	0	15	0.1	1.00000000000001	1
5	Kenya	Rabai_2009	1	2	9	12	0.833333333333333	0.254658385093169	1
5	Uganda	all	16	9	1	26	0.211538461538462	0.999999999999986	1
5	Uganda	Bundibugyo	4	3	0	7	0.214285714285714	1	1
5	Uganda	Kichwamba	6	1	1	8	0.1875	0.199999999999999	1
5	Uganda	Entebbe	6	5	0	11	0.227272727272727	1.00000000000001	1
5	Brazil	all	3	21	178	202	0.933168316831683	0.0458434935514377	1
5	Brazil	Jacobina	0	0	16	16	1	1	1
5	Brazil	Santarem	0	1	15	16	0.96875	1	1
5	Brazil	Cuiaba	1	2	17	20	0.9	0.151767151767152	1
5	Brazil	Manaus	0	2	17	19	0.947368421052632	0.999999999999996	1
5	Brazil	Palmas	0	0	19	19	1	1	1
5	Brazil	Passo_Fundo	0	8	11	19	0.789473684210526	0.538400570658621	1
5	Brazil	Sao_Luiz	0	0	18	18	1	1	1
5	Brazil	Lagarto	0	1	19	20	0.975	1	1
5	Brazil	Maringa	2	5	11	18	0.75	0.259621802002219	1
5	Brazil	Patos_de_Minas	0	0	18	18	1	1	1
5	Brazil	Porto_Velho	0	2	17	19	0.947368421052632	0.999999999999996	1
5	SaudiArabia	all	0	1	30	31	0.983870967741935	1.00000000000006	1
5	SaudiArabia	Jeddah	0	0	16	16	1	1	1
5	SaudiArabia	Mecca	0	1	14	15	0.966666666666667	1	1
5	Colombia	all	0	0	6	6	1	1	1
5	Colombia	Cali	0	0	6	6	1	1	1
5	Gabon	all	36	5	1	42	0.0833333333333333	0.237591717079293	1
5	Gabon	Franceville	13	0	0	13	0	1	1
5	Gabon	Libreville	8	5	1	14	0.25	0.999999999999991	1
5	Gabon	Lope_village	15	0	0	15	0	1	1
5	Cameroon	all	3	6	4	13	0.538461538461538	1	1
5	Cameroon	YAOMO	3	6	4	13	0.538461538461538	1	1
5	Pakistan	all	0	0	14	14	1	1	1
5	Pakistan	Pakistan	0	0	14	14	1	1	1
5	Argentina	all	3	5	4	12	0.541666666666667	0.593869584447056	1
5	Argentina	El_Dorado	3	5	4	12	0.541666666666667	0.593869584447056	1
5	Dominica	all	0	6	9	15	0.8	1	1
5	Dominica	North_Dominica	0	3	2	5	0.7	0.999999999999996	1
5	Dominica	Roseau	0	3	7	10	0.85	1.00000000000001	1
5	Turkey	all	0	0	12	12	1	1	1
5	Turkey	Pazar	0	0	12	12	1	1	1
5	Trinidad	all	0	3	17	20	0.925	0.999999999999968	1
5	Trinidad	Trinidad	0	3	17	20	0.925	0.999999999999968	1
5	BurkinaFaso	all	35	1	0	36	0.0138888888888889	0.999999999999972	1
5	BurkinaFaso	Ouaga	19	1	0	20	0.025	1	1
5	BurkinaFaso	Ouahigouya	16	0	0	16	0	1	1
5	SriLanka	all	0	1	11	12	0.958333333333333	1	1
5	SriLanka	Jaffna	0	1	11	12	0.958333333333333	1	1
5	USVirginIslands	all	0	0	18	18	1	1	1
5	USVirginIslands	Croix	0	0	18	18	1	1	1
5	Taiwan	all	0	0	14	14	1	1	1
5	Taiwan	Taiwan	0	0	14	14	1	1	1
5	Nigeria	all	12	7	0	19	0.184210526315789	0.999999999999988	1
5	Nigeria	Awka	12	7	0	19	0.184210526315789	0.999999999999988	1
5	Senegal	all	80	19	2	101	0.113861386138614	0.610299851256507	1
5	Senegal	Bantata	11	0	0	11	0	1	1
5	Senegal	Thies	7	5	2	14	0.321428571428571	0.554782608695649	1
5	Senegal	Kedougou	18	1	0	19	0.0263157894736842	0.999999999999986	1
5	Senegal	Mindin	20	0	0	20	0	1	1
5	Senegal	Ngoye	7	12	0	19	0.315789473684211	0.109068706399071	1
5	Senegal	PK10	17	1	0	18	0.0277777777777778	0.999999999999986	1
5	Ghana	all	21	16	3	40	0.275	0.999999999999971	1
5	Ghana	Boabeng	2	0	0	2	0	1	1
5	Ghana	Kintampo	13	5	0	18	0.138888888888889	0.999999999999988	1
5	Ghana	Kumasi	6	11	3	20	0.425	0.999999999999987	1
5	Philippines	all	0	0	34	34	1	1	1
5	Philippines	Rural_Sulawesi	0	0	16	16	1	1	1
5	Philippines	Urban_Sulawesi	0	0	18	18	1	1	1
5	PuertoRico	all	0	5	24	29	0.913793103448276	1.00000000000002	1
5	PuertoRico	Playa	0	1	15	16	0.96875	1	1
5	PuertoRico	Ponce	0	4	9	13	0.846153846153846	1	1
6	Thailand	all	18	0	0	18	0	1	1
6	Thailand	Bangkok	18	0	0	18	0	1	1
6	USA	all	100	21	1	122	0.0942622950819672	0.999999999999592	1
6	USA	Clovis	14	2	0	16	0.0625	0.999999999999998	1
6	USA	New_Orleans	15	0	0	15	0	1	1
6	USA	Miami	15	0	0	15	0	1	1
6	USA	Las_Cruces	11	7	0	18	0.194444444444444	0.999999999999976	1
6	USA	Roswell	14	5	0	19	0.131578947368421	1	1
6	USA	Coachella	16	2	1	19	0.105263157894737	0.159845559845556	1
6	USA	Los_Angeles	15	5	0	20	0.125	0.999999999999987	1
6	Angola	all	10	3	0	13	0.115384615384615	0.999999999999998	1
6	Angola	Cuanda	10	3	0	13	0.115384615384615	0.999999999999998	1
6	Vietnam	all	20	0	0	20	0	1	1
6	Vietnam	HoChiMin	20	0	0	20	0	1	1
6	SouthAfrica	all	7	4	0	11	0.181818181818182	1.00000000000001	1
6	SouthAfrica	Skukusa	7	4	0	11	0.181818181818182	1.00000000000001	1
6	Tahiti	all	9	0	0	9	0	1	1
6	Tahiti	Tahiti	9	0	0	9	0	1	1
6	Kenya	all	87	39	6	132	0.193181818181818	0.575454371185315	1
6	Kenya	Arabuko	11	7	0	18	0.194444444444444	0.999999999999976	1
6	Kenya	Ganda	7	1	0	8	0.0625	1	1
6	Kenya	Kakamega	5	9	4	18	0.472222222222222	0.999999999999987	1
6	Kenya	KayaBomu	15	2	0	17	0.0588235294117647	1	1
6	Kenya	Kwale	12	7	0	19	0.184210526315789	0.999999999999988	1
6	Kenya	Rabai_2017	12	4	1	17	0.176470588235294	0.411062797047232	1
6	Kenya	ShimbaHills	8	0	0	8	0	1	1
6	Kenya	Virhembe	9	5	1	15	0.233333333333333	1.00000000000001	1
6	Kenya	Rabai_2009	8	4	0	12	0.166666666666667	1.00000000000001	1
6	Uganda	all	11	14	1	26	0.307692307692308	0.358717644038841	1
6	Uganda	Bundibugyo	5	1	1	7	0.214285714285714	0.230769230769231	1
6	Uganda	Kichwamba	5	3	0	8	0.1875	0.999999999999997	1
6	Uganda	Entebbe	1	10	0	11	0.454545454545455	0.0181335692171607	1
6	Brazil	all	198	4	0	202	0.0099009900990099	1.00000000000013	1
6	Brazil	Jacobina	16	0	0	16	0	1	1
6	Brazil	Santarem	16	0	0	16	0	1	1
6	Brazil	Cuiaba	20	0	0	20	0	1	1
6	Brazil	Manaus	19	0	0	19	0	1	1
6	Brazil	Palmas	19	0	0	19	0	1	1
6	Brazil	Passo_Fundo	17	2	0	19	0.0526315789473684	0.999999999999996	1
6	Brazil	Sao_Luiz	18	0	0	18	0	1	1
6	Brazil	Lagarto	20	0	0	20	0	1	1
6	Brazil	Maringa	17	1	0	18	0.0277777777777778	0.999999999999986	1
6	Brazil	Patos_de_Minas	18	0	0	18	0	1	1
6	Brazil	Porto_Velho	18	1	0	19	0.0263157894736842	0.999999999999986	1
6	SaudiArabia	all	31	0	0	31	0	1	1
6	SaudiArabia	Jeddah	16	0	0	16	0	1	1
6	SaudiArabia	Mecca	15	0	0	15	0	1	1
6	Colombia	all	6	0	0	6	0	1	1
6	Colombia	Cali	6	0	0	6	0	1	1
6	Gabon	all	24	18	0	42	0.214285714285714	0.164028717586721	1
6	Gabon	Franceville	6	7	0	13	0.269230769230769	0.499130434782611	1
6	Gabon	Libreville	9	5	0	14	0.178571428571429	0.999999999999991	1
6	Gabon	Lope_village	9	6	0	15	0.2	1	1
6	Cameroon	all	11	2	0	13	0.0769230769230769	0.999999999999996	1
6	Cameroon	YAOMO	11	2	0	13	0.0769230769230769	0.999999999999996	1
6	Pakistan	all	14	0	0	14	0	1	1
6	Pakistan	Pakistan	14	0	0	14	0	1	1
6	Argentina	all	7	5	0	12	0.208333333333333	1	1
6	Argentina	El_Dorado	7	5	0	12	0.208333333333333	1	1
6	Dominica	all	15	0	0	15	0	1	1
6	Dominica	North_Dominica	5	0	0	5	0	1	1
6	Dominica	Roseau	10	0	0	10	0	1	1
6	Turkey	all	12	0	0	12	0	1	1
6	Turkey	Pazar	12	0	0	12	0	1	1
6	Trinidad	all	20	0	0	20	0	1	1
6	Trinidad	Trinidad	20	0	0	20	0	1	1
6	BurkinaFaso	all	22	13	1	36	0.208333333333333	1	1
6	BurkinaFaso	Ouaga	11	9	0	20	0.225	0.528255528255522	1
6	BurkinaFaso	Ouahigouya	11	4	1	16	0.1875	0.434433320973918	1
6	SriLanka	all	12	0	0	12	0	1	1
6	SriLanka	Jaffna	12	0	0	12	0	1	1
6	USVirginIslands	all	18	0	0	18	0	1	1
6	USVirginIslands	Croix	18	0	0	18	0	1	1
6	Taiwan	all	14	0	0	14	0	1	1
6	Taiwan	Taiwan	14	0	0	14	0	1	1
6	Nigeria	all	12	6	1	19	0.210526315789474	0.999999999999977	1
6	Nigeria	Awka	12	6	1	19	0.210526315789474	0.999999999999977	1
6	Senegal	all	82	18	1	101	0.099009900990099	1.00000000000008	1
6	Senegal	Bantata	9	2	0	11	0.0909090909090909	1.00000000000001	1
6	Senegal	Thies	13	1	0	14	0.0357142857142857	0.999999999999986	1
6	Senegal	Kedougou	14	5	0	19	0.131578947368421	1	1
6	Senegal	Mindin	19	1	0	20	0.025	1	1
6	Senegal	Ngoye	16	3	0	19	0.0789473684210526	0.99999999999999	1
6	Senegal	PK10	11	6	1	18	0.222222222222222	0.999999999999983	1
6	Ghana	all	27	11	2	40	0.1875	0.598913715459613	1
6	Ghana	Boabeng	2	0	0	2	0	1	1
6	Ghana	Kintampo	11	6	1	18	0.222222222222222	0.999999999999983	1
6	Ghana	Kumasi	14	5	1	20	0.175	0.467775467775468	1
6	Philippines	all	34	0	0	34	0	1	1
6	Philippines	Rural_Sulawesi	16	0	0	16	0	1	1
6	Philippines	Urban_Sulawesi	18	0	0	18	0	1	1
6	PuertoRico	all	29	0	0	29	0	1	1
6	PuertoRico	Playa	16	0	0	16	0	1	1
6	PuertoRico	Ponce	13	0	0	13	0	1	1
7	Thailand	all	8	10	0	18	0.277777777777778	0.250807775835578	1
7	Thailand	Bangkok	8	10	0	18	0.277777777777778	0.250807775835578	1
7	USA	all	120	1	1	122	0.0122950819672131	0.0123456790123402	1
7	USA	Clovis	16	0	0	16	0	1	1
7	USA	New_Orleans	15	0	0	15	0	1	1
7	USA	Miami	15	0	0	15	0	1	1
7	USA	Las_Cruces	18	0	0	18	0	1	1
7	USA	Roswell	19	0	0	19	0	1	1
7	USA	Coachella	17	1	1	19	0.0789473684210526	0.0810810810810808	1
7	USA	Los_Angeles	20	0	0	20	0	1	1
7	Angola	all	13	0	0	13	0	1	1
7	Angola	Cuanda	13	0	0	13	0	1	1
7	Vietnam	all	12	8	0	20	0.2	0.548415548415535	1
7	Vietnam	HoChiMin	12	8	0	20	0.2	0.548415548415535	1
7	SouthAfrica	all	11	0	0	11	0	1	1
7	SouthAfrica	Skukusa	11	0	0	11	0	1	1
7	Tahiti	all	6	3	0	9	0.166666666666667	1	1
7	Tahiti	Tahiti	6	3	0	9	0.166666666666667	1	1
7	Kenya	all	119	13	0	132	0.0492424242424242	1.00000000000003	1
7	Kenya	Arabuko	16	2	0	18	0.0555555555555556	0.999999999999963	1
7	Kenya	Ganda	7	1	0	8	0.0625	1	1
7	Kenya	Kakamega	13	5	0	18	0.138888888888889	0.999999999999988	1
7	Kenya	KayaBomu	17	0	0	17	0	1	1
7	Kenya	Kwale	18	1	0	19	0.0263157894736842	0.999999999999986	1
7	Kenya	Rabai_2017	15	2	0	17	0.0588235294117647	1	1
7	Kenya	ShimbaHills	8	0	0	8	0	1	1
7	Kenya	Virhembe	13	2	0	15	0.0666666666666667	1.00000000000001	1
7	Kenya	Rabai_2009	12	0	0	12	0	1	1
7	Uganda	all	24	2	0	26	0.0384615384615385	0.999999999999977	1
7	Uganda	Bundibugyo	7	0	0	7	0	1	1
7	Uganda	Kichwamba	8	0	0	8	0	1	1
7	Uganda	Entebbe	9	2	0	11	0.0909090909090909	1.00000000000001	1
7	Brazil	all	188	14	0	202	0.0346534653465347	1.00000000000009	1
7	Brazil	Jacobina	15	1	0	16	0.03125	1	1
7	Brazil	Santarem	16	0	0	16	0	1	1
7	Brazil	Cuiaba	19	1	0	20	0.025	1	1
7	Brazil	Manaus	19	0	0	19	0	1	1
7	Brazil	Palmas	15	4	0	19	0.105263157894737	0.99999999999997	1
7	Brazil	Passo_Fundo	18	1	0	19	0.0263157894736842	0.999999999999986	1
7	Brazil	Sao_Luiz	18	0	0	18	0	1	1
7	Brazil	Lagarto	19	1	0	20	0.025	1	1
7	Brazil	Maringa	16	2	0	18	0.0555555555555556	0.999999999999963	1
7	Brazil	Patos_de_Minas	15	3	0	18	0.0833333333333333	0.999999999999998	1
7	Brazil	Porto_Velho	18	1	0	19	0.0263157894736842	0.999999999999986	1
7	SaudiArabia	all	31	0	0	31	0	1	1
7	SaudiArabia	Jeddah	16	0	0	16	0	1	1
7	SaudiArabia	Mecca	15	0	0	15	0	1	1
7	Colombia	all	6	0	0	6	0	1	1
7	Colombia	Cali	6	0	0	6	0	1	1
7	Gabon	all	37	5	0	42	0.0595238095238095	0.99999999999996	1
7	Gabon	Franceville	13	0	0	13	0	1	1
7	Gabon	Libreville	12	2	0	14	0.0714285714285714	0.999999999999993	1
7	Gabon	Lope_village	12	3	0	15	0.1	1.00000000000001	1
7	Cameroon	all	13	0	0	13	0	1	1
7	Cameroon	YAOMO	13	0	0	13	0	1	1
7	Pakistan	all	7	7	0	14	0.25	0.513043478260865	1
7	Pakistan	Pakistan	7	7	0	14	0.25	0.513043478260865	1
7	Argentina	all	5	7	0	12	0.291666666666667	0.487414187643026	1
7	Argentina	El_Dorado	5	7	0	12	0.291666666666667	0.487414187643026	1
7	Dominica	all	14	1	0	15	0.0333333333333333	1	1
7	Dominica	North_Dominica	5	0	0	5	0	1	1
7	Dominica	Roseau	9	1	0	10	0.05	1.00000000000001	1
7	Turkey	all	12	0	0	12	0	1	1
7	Turkey	Pazar	12	0	0	12	0	1	1
7	Trinidad	all	20	0	0	20	0	1	1
7	Trinidad	Trinidad	20	0	0	20	0	1	1
7	BurkinaFaso	all	24	11	1	36	0.180555555555556	1.00000000000002	1
7	BurkinaFaso	Ouaga	14	6	0	20	0.15	0.999999999999978	1
7	BurkinaFaso	Ouahigouya	10	5	1	16	0.21875	1	1
7	SriLanka	all	12	0	0	12	0	1	1
7	SriLanka	Jaffna	12	0	0	12	0	1	1
7	USVirginIslands	all	18	0	0	18	0	1	1
7	USVirginIslands	Croix	18	0	0	18	0	1	1
7	Taiwan	all	6	8	0	14	0.285714285714286	0.505314009661834	1
7	Taiwan	Taiwan	6	8	0	14	0.285714285714286	0.505314009661834	1
7	Nigeria	all	14	5	0	19	0.131578947368421	1	1
7	Nigeria	Awka	14	5	0	19	0.131578947368421	1	1
7	Senegal	all	73	27	1	101	0.143564356435644	0.68572908248092	1
7	Senegal	Bantata	8	3	0	11	0.136363636363636	1.00000000000001	1
7	Senegal	Thies	12	2	0	14	0.0714285714285714	0.999999999999993	1
7	Senegal	Kedougou	12	7	0	19	0.184210526315789	0.999999999999988	1
7	Senegal	Mindin	14	6	0	20	0.15	0.999999999999978	1
7	Senegal	Ngoye	19	0	0	19	0	1	1
7	Senegal	PK10	8	9	1	18	0.305555555555556	0.999999999999981	1
7	Ghana	all	28	12	0	40	0.15	0.56777456682251	1
7	Ghana	Boabeng	2	0	0	2	0	1	1
7	Ghana	Kintampo	11	7	0	18	0.194444444444444	0.999999999999976	1
7	Ghana	Kumasi	15	5	0	20	0.125	0.999999999999987	1
7	Philippines	all	21	13	0	34	0.191176470588235	0.313556375418072	1
7	Philippines	Rural_Sulawesi	10	6	0	16	0.1875	0.999999999999996	1
7	Philippines	Urban_Sulawesi	11	7	0	18	0.194444444444444	0.999999999999976	1
7	PuertoRico	all	27	2	0	29	0.0344827586206897	1.00000000000001	1
7	PuertoRico	Playa	15	1	0	16	0.03125	1	1
7	PuertoRico	Ponce	12	1	0	13	0.0384615384615385	1	1
10	Thailand	all	12	3	3	18	0.25	0.0324603094347249	1
10	Thailand	Bangkok	12	3	3	18	0.25	0.0324603094347249	1
10	USA	all	32	55	35	122	0.512295081967213	0.280826328624865	1
10	USA	Clovis	0	6	10	16	0.8125	0.999999999999996	1
10	USA	New_Orleans	7	7	1	15	0.3	1	1
10	USA	Miami	8	6	1	15	0.266666666666667	1.00000000000001	1
10	USA	Las_Cruces	1	9	8	18	0.694444444444444	0.999999999999981	1
10	USA	Roswell	5	9	5	19	0.5	0.999999999999987	1
10	USA	Coachella	1	8	10	19	0.736842105263158	0.999999999999994	1
10	USA	Los_Angeles	10	10	0	20	0.25	0.277165728778624	1
10	Angola	all	9	0	4	13	0.307692307692308	0.000457665903890162	0
10	Angola	Cuanda	9	0	4	13	0.307692307692308	0.000457665903890162	0
10	Vietnam	all	14	3	3	20	0.225	0.0232470232470229	1
10	Vietnam	HoChiMin	14	3	3	20	0.225	0.0232470232470229	1
10	SouthAfrica	all	11	0	0	11	0	1	1
10	SouthAfrica	Skukusa	11	0	0	11	0	1	1
10	Tahiti	all	0	3	6	9	0.833333333333333	1	1
10	Tahiti	Tahiti	0	3	6	9	0.833333333333333	1	1
10	Kenya	all	107	23	2	132	0.102272727272727	0.623474314870354	1
10	Kenya	Arabuko	16	2	0	18	0.0555555555555556	0.999999999999963	1
10	Kenya	Ganda	8	0	0	8	0	1	1
10	Kenya	Kakamega	17	1	0	18	0.0277777777777778	0.999999999999986	1
10	Kenya	KayaBomu	8	9	0	17	0.264705882352941	0.27623285131628	1
10	Kenya	Kwale	15	4	0	19	0.105263157894737	0.99999999999997	1
10	Kenya	Rabai_2017	15	1	1	17	0.0882352941176471	0.0909090909090914	1
10	Kenya	ShimbaHills	8	0	0	8	0	1	1
10	Kenya	Virhembe	11	3	1	15	0.166666666666667	0.325670498084289	1
10	Kenya	Rabai_2009	9	3	0	12	0.125	0.999999999999999	1
10	Uganda	all	26	0	0	26	0	1	1
10	Uganda	Bundibugyo	7	0	0	7	0	1	1
10	Uganda	Kichwamba	8	0	0	8	0	1	1
10	Uganda	Entebbe	11	0	0	11	0	1	1
10	Brazil	all	51	132	19	202	0.420792079207921	1.50674363482132e-06	0
10	Brazil	Jacobina	2	6	8	16	0.6875	0.59143009140592	1
10	Brazil	Santarem	0	12	4	16	0.625	0.0373071528751757	1
10	Brazil	Cuiaba	13	7	0	20	0.175	1	1
10	Brazil	Manaus	6	13	0	19	0.342105263157895	0.0474300774634469	1
10	Brazil	Palmas	2	14	3	19	0.526315789473684	0.0749424843732519	1
10	Brazil	Passo_Fundo	7	11	1	19	0.342105263157895	0.344903460587546	1
10	Brazil	Sao_Luiz	5	13	0	18	0.361111111111111	0.0390507971820531	1
10	Brazil	Lagarto	2	17	1	20	0.475	0.00521131755836975	0
10	Brazil	Maringa	7	11	0	18	0.305555555555556	0.123682398432117	1
10	Brazil	Patos_de_Minas	3	13	2	18	0.472222222222222	0.150954962401495	1
10	Brazil	Porto_Velho	4	15	0	19	0.394736842105263	0.0122999529006201	1
10	SaudiArabia	all	10	7	14	31	0.564516129032258	0.00305941741889857	0
10	SaudiArabia	Jeddah	8	4	4	16	0.375	0.101146201093002	1
10	SaudiArabia	Mecca	2	3	10	15	0.766666666666667	0.123371647509579	1
10	Colombia	all	0	3	3	6	0.75	1	1
10	Colombia	Cali	0	3	3	6	0.75	1	1
10	Gabon	all	34	7	1	42	0.107142857142857	0.379859291404212	1
10	Gabon	Franceville	12	1	0	13	0.0384615384615385	1	1
10	Gabon	Libreville	8	5	1	14	0.25	0.999999999999991	1
10	Gabon	Lope_village	14	1	0	15	0.0333333333333333	1	1
10	Cameroon	all	8	5	0	13	0.192307692307692	0.999999999999999	1
10	Cameroon	YAOMO	8	5	0	13	0.192307692307692	0.999999999999999	1
10	Pakistan	all	4	5	5	14	0.535714285714286	0.315595040457066	1
10	Pakistan	Pakistan	4	5	5	14	0.535714285714286	0.315595040457066	1
10	Argentina	all	7	4	1	12	0.25	1.00000000000001	1
10	Argentina	El_Dorado	7	4	1	12	0.25	1.00000000000001	1
10	Dominica	all	10	4	1	15	0.2	0.460536398467431	1
10	Dominica	North_Dominica	5	0	0	5	0	1	1
10	Dominica	Roseau	5	4	1	10	0.3	1	1
10	Turkey	all	12	0	0	12	0	1	1
10	Turkey	Pazar	12	0	0	12	0	1	1
10	Trinidad	all	16	3	1	20	0.125	0.246015246015242	1
10	Trinidad	Trinidad	16	3	1	20	0.125	0.246015246015242	1
10	BurkinaFaso	all	27	9	0	36	0.125	0.999999999999981	1
10	BurkinaFaso	Ouaga	17	3	0	20	0.075	0.999999999999968	1
10	BurkinaFaso	Ouahigouya	10	6	0	16	0.1875	0.999999999999996	1
10	SriLanka	all	8	3	1	12	0.208333333333333	0.403726708074535	1
10	SriLanka	Jaffna	8	3	1	12	0.208333333333333	0.403726708074535	1
10	USVirginIslands	all	14	3	1	18	0.138888888888889	0.272727272727268	1
10	USVirginIslands	Croix	14	3	1	18	0.138888888888889	0.272727272727268	1
10	Taiwan	all	6	4	4	14	0.428571428571429	0.132385097440959	1
10	Taiwan	Taiwan	6	4	4	14	0.428571428571429	0.132385097440959	1
10	Nigeria	all	15	1	3	19	0.184210526315789	0.00245700245700243	0
10	Nigeria	Awka	15	1	3	19	0.184210526315789	0.00245700245700243	0
10	Senegal	all	75	22	4	101	0.148514851485149	0.223067425847158	1
10	Senegal	Bantata	5	5	1	11	0.318181818181818	1.00000000000001	1
10	Senegal	Thies	13	1	0	14	0.0357142857142857	0.999999999999986	1
10	Senegal	Kedougou	16	2	1	19	0.105263157894737	0.159845559845556	1
10	Senegal	Mindin	16	3	1	20	0.125	0.246015246015242	1
10	Senegal	Ngoye	13	5	1	19	0.184210526315789	0.488943488943482	1
10	Senegal	PK10	12	6	0	18	0.166666666666667	0.99999999999998	1
10	Ghana	all	31	8	1	40	0.125	0.472815948927443	1
10	Ghana	Boabeng	1	1	0	2	0.25	1	1
10	Ghana	Kintampo	14	4	0	18	0.111111111111111	0.999999999999975	1
10	Ghana	Kumasi	16	3	1	20	0.125	0.246015246015242	1
10	Philippines	all	32	2	0	34	0.0294117647058824	0.999999999999975	1
10	Philippines	Rural_Sulawesi	15	1	0	16	0.03125	1	1
10	Philippines	Urban_Sulawesi	17	1	0	18	0.0277777777777778	0.999999999999986	1
10	PuertoRico	all	12	9	8	29	0.431034482758621	0.0590042700302831	1
10	PuertoRico	Playa	5	5	6	16	0.53125	0.153355976228074	1
10	PuertoRico	Ponce	7	4	2	13	0.307692307692308	0.507917620137302	1
11	Thailand	all	18	0	0	18	0	1	1
11	Thailand	Bangkok	18	0	0	18	0	1	1
11	USA	all	101	20	1	122	0.0901639344262295	0.999999999999717	1
11	USA	Clovis	11	5	0	16	0.15625	1	1
11	USA	New_Orleans	15	0	0	15	0	1	1
11	USA	Miami	14	1	0	15	0.0333333333333333	1	1
11	USA	Las_Cruces	12	6	0	18	0.166666666666667	0.99999999999998	1
11	USA	Roswell	11	7	1	19	0.236842105263158	0.999999999999974	1
11	USA	Coachella	19	0	0	19	0	1	1
11	USA	Los_Angeles	19	1	0	20	0.025	1	1
11	Angola	all	9	4	0	13	0.153846153846154	1	1
11	Angola	Cuanda	9	4	0	13	0.153846153846154	1	1
11	Vietnam	all	20	0	0	20	0	1	1
11	Vietnam	HoChiMin	20	0	0	20	0	1	1
11	SouthAfrica	all	0	0	11	11	1	1	1
11	SouthAfrica	Skukusa	0	0	11	11	1	1	1
11	Tahiti	all	9	0	0	9	0	1	1
11	Tahiti	Tahiti	9	0	0	9	0	1	1
11	Kenya	all	34	40	58	132	0.590909090909091	2.58144301414904e-05	0
11	Kenya	Arabuko	0	8	10	18	0.777777777777778	0.528850237637771	1
11	Kenya	Ganda	0	2	6	8	0.875	0.999999999999998	1
11	Kenya	Kakamega	12	6	0	18	0.166666666666667	0.99999999999998	1
11	Kenya	KayaBomu	1	8	8	17	0.705882352941177	1.00000000000001	1
11	Kenya	Kwale	0	6	13	19	0.842105263157895	0.999999999999985	1
11	Kenya	Rabai_2017	0	4	13	17	0.882352941176471	1	1
11	Kenya	ShimbaHills	0	1	7	8	0.9375	1	1
11	Kenya	Virhembe	12	3	0	15	0.1	1.00000000000001	1
11	Kenya	Rabai_2009	9	2	1	12	0.166666666666667	0.254658385093169	1
11	Uganda	all	20	3	3	26	0.173076923076923	0.0101913105667799	1
11	Uganda	Bundibugyo	7	0	0	7	0	1	1
11	Uganda	Kichwamba	2	3	3	8	0.5625	0.530069930069929	1
11	Uganda	Entebbe	11	0	0	11	0	1	1
11	Brazil	all	172	29	1	202	0.0767326732673267	1.00000000000034	1
11	Brazil	Jacobina	16	0	0	16	0	1	1
11	Brazil	Santarem	16	0	0	16	0	1	1
11	Brazil	Cuiaba	16	4	0	20	0.1	0.999999999999996	1
11	Brazil	Manaus	16	3	0	19	0.0789473684210526	0.99999999999999	1
11	Brazil	Palmas	19	0	0	19	0	1	1
11	Brazil	Passo_Fundo	2	16	1	19	0.473684210526316	0.00632003997095633	0
11	Brazil	Sao_Luiz	18	0	0	18	0	1	1
11	Brazil	Lagarto	20	0	0	20	0	1	1
11	Brazil	Maringa	14	4	0	18	0.111111111111111	0.999999999999975	1
11	Brazil	Patos_de_Minas	17	1	0	18	0.0277777777777778	0.999999999999986	1
11	Brazil	Porto_Velho	18	1	0	19	0.0263157894736842	0.999999999999986	1
11	SaudiArabia	all	27	3	1	31	0.0806451612903226	0.15976660183385	1
11	SaudiArabia	Jeddah	13	2	1	16	0.125	0.190211345939937	1
11	SaudiArabia	Mecca	14	1	0	15	0.0333333333333333	1	1
11	Colombia	all	6	0	0	6	0	1	1
11	Colombia	Cali	6	0	0	6	0	1	1
11	Gabon	all	23	16	3	42	0.261904761904762	0.999999999999966	1
11	Gabon	Franceville	5	7	1	13	0.346153846153846	1.00000000000001	1
11	Gabon	Libreville	10	3	1	14	0.178571428571429	0.348148148148144	1
11	Gabon	Lope_village	8	6	1	15	0.266666666666667	1.00000000000001	1
11	Cameroon	all	12	1	0	13	0.0384615384615385	1	1
11	Cameroon	YAOMO	12	1	0	13	0.0384615384615385	1	1
11	Pakistan	all	14	0	0	14	0	1	1
11	Pakistan	Pakistan	14	0	0	14	0	1	1
11	Argentina	all	4	7	1	12	0.375	0.592946560775344	1
11	Argentina	El_Dorado	4	7	1	12	0.375	0.592946560775344	1
11	Dominica	all	15	0	0	15	0	1	1
11	Dominica	North_Dominica	5	0	0	5	0	1	1
11	Dominica	Roseau	10	0	0	10	0	1	1
11	Turkey	all	7	5	0	12	0.208333333333333	1	1
11	Turkey	Pazar	7	5	0	12	0.208333333333333	1	1
11	Trinidad	all	20	0	0	20	0	1	1
11	Trinidad	Trinidad	20	0	0	20	0	1	1
11	BurkinaFaso	all	28	8	0	36	0.111111111111111	0.999999999999988	1
11	BurkinaFaso	Ouaga	17	3	0	20	0.075	0.999999999999968	1
11	BurkinaFaso	Ouahigouya	11	5	0	16	0.15625	1	1
11	SriLanka	all	7	5	0	12	0.208333333333333	1	1
11	SriLanka	Jaffna	7	5	0	12	0.208333333333333	1	1
11	USVirginIslands	all	18	0	0	18	0	1	1
11	USVirginIslands	Croix	18	0	0	18	0	1	1
11	Taiwan	all	13	1	0	14	0.0357142857142857	0.999999999999986	1
11	Taiwan	Taiwan	13	1	0	14	0.0357142857142857	0.999999999999986	1
11	Nigeria	all	15	4	0	19	0.105263157894737	0.99999999999997	1
11	Nigeria	Awka	15	4	0	19	0.105263157894737	0.99999999999997	1
11	Senegal	all	80	21	0	101	0.103960396039604	0.593420546394833	1
11	Senegal	Bantata	6	5	0	11	0.227272727272727	1.00000000000001	1
11	Senegal	Thies	14	0	0	14	0	1	1
11	Senegal	Kedougou	16	3	0	19	0.0789473684210526	0.99999999999999	1
11	Senegal	Mindin	15	5	0	20	0.125	0.999999999999987	1
11	Senegal	Ngoye	16	3	0	19	0.0789473684210526	0.99999999999999	1
11	Senegal	PK10	13	5	0	18	0.138888888888889	0.999999999999988	1
11	Ghana	all	27	13	0	40	0.1625	0.564307517893283	1
11	Ghana	Boabeng	0	2	0	2	0.5	1	1
11	Ghana	Kintampo	11	7	0	18	0.194444444444444	0.999999999999976	1
11	Ghana	Kumasi	16	4	0	20	0.1	0.999999999999996	1
11	Philippines	all	34	0	0	34	0	1	1
11	Philippines	Rural_Sulawesi	16	0	0	16	0	1	1
11	Philippines	Urban_Sulawesi	18	0	0	18	0	1	1
11	PuertoRico	all	29	0	0	29	0	1	1
11	PuertoRico	Playa	16	0	0	16	0	1	1
11	PuertoRico	Ponce	13	0	0	13	0	1	1
12	Thailand	all	13	5	0	18	0.138888888888889	0.999999999999988	1
12	Thailand	Bangkok	13	5	0	18	0.138888888888889	0.999999999999988	1
12	USA	all	111	9	2	122	0.0532786885245902	0.0330700050711405	1
12	USA	Clovis	16	0	0	16	0	1	1
12	USA	New_Orleans	10	4	1	15	0.2	0.460536398467431	1
12	USA	Miami	15	0	0	15	0	1	1
12	USA	Las_Cruces	15	2	1	18	0.111111111111111	0.168831168831164	1
12	USA	Roswell	19	0	0	19	0	1	1
12	USA	Coachella	17	2	0	19	0.0526315789473684	0.999999999999996	1
12	USA	Los_Angeles	19	1	0	20	0.025	1	1
12	Angola	all	13	0	0	13	0	1	1
12	Angola	Cuanda	13	0	0	13	0	1	1
12	Vietnam	all	17	3	0	20	0.075	0.999999999999968	1
12	Vietnam	HoChiMin	17	3	0	20	0.075	0.999999999999968	1
12	SouthAfrica	all	11	0	0	11	0	1	1
12	SouthAfrica	Skukusa	11	0	0	11	0	1	1
12	Tahiti	all	9	0	0	9	0	1	1
12	Tahiti	Tahiti	9	0	0	9	0	1	1
12	Kenya	all	125	7	0	132	0.0265151515151515	0.999999999999962	1
12	Kenya	Arabuko	16	2	0	18	0.0555555555555556	0.999999999999963	1
12	Kenya	Ganda	6	2	0	8	0.125	0.999999999999998	1
12	Kenya	Kakamega	18	0	0	18	0	1	1
12	Kenya	KayaBomu	16	1	0	17	0.0294117647058824	1.00000000000003	1
12	Kenya	Kwale	19	0	0	19	0	1	1
12	Kenya	Rabai_2017	16	1	0	17	0.0294117647058824	1.00000000000003	1
12	Kenya	ShimbaHills	8	0	0	8	0	1	1
12	Kenya	Virhembe	15	0	0	15	0	1	1
12	Kenya	Rabai_2009	11	1	0	12	0.0416666666666667	1	1
12	Uganda	all	26	0	0	26	0	1	1
12	Uganda	Bundibugyo	7	0	0	7	0	1	1
12	Uganda	Kichwamba	8	0	0	8	0	1	1
12	Uganda	Entebbe	11	0	0	11	0	1	1
12	Brazil	all	158	39	5	202	0.121287128712871	0.182358398820191	1
12	Brazil	Jacobina	12	2	2	16	0.1875	0.0488196761834143	1
12	Brazil	Santarem	14	2	0	16	0.0625	0.999999999999998	1
12	Brazil	Cuiaba	16	4	0	20	0.1	0.999999999999996	1
12	Brazil	Manaus	17	2	0	19	0.0526315789473684	0.999999999999996	1
12	Brazil	Palmas	15	4	0	19	0.105263157894737	0.99999999999997	1
12	Brazil	Passo_Fundo	15	2	2	19	0.157894736842105	0.034047034047033	1
12	Brazil	Sao_Luiz	14	3	1	18	0.138888888888889	0.272727272727268	1
12	Brazil	Lagarto	16	4	0	20	0.1	0.999999999999996	1
12	Brazil	Maringa	9	9	0	18	0.25	0.524042587001418	1
12	Brazil	Patos_de_Minas	15	3	0	18	0.0833333333333333	0.999999999999998	1
12	Brazil	Porto_Velho	15	4	0	19	0.105263157894737	0.99999999999997	1
12	SaudiArabia	all	31	0	0	31	0	1	1
12	SaudiArabia	Jeddah	16	0	0	16	0	1	1
12	SaudiArabia	Mecca	15	0	0	15	0	1	1
12	Colombia	all	6	0	0	6	0	1	1
12	Colombia	Cali	6	0	0	6	0	1	1
12	Gabon	all	41	1	0	42	0.0119047619047619	1	1
12	Gabon	Franceville	13	0	0	13	0	1	1
12	Gabon	Libreville	13	1	0	14	0.0357142857142857	0.999999999999986	1
12	Gabon	Lope_village	15	0	0	15	0	1	1
12	Cameroon	all	13	0	0	13	0	1	1
12	Cameroon	YAOMO	13	0	0	13	0	1	1
12	Pakistan	all	14	0	0	14	0	1	1
12	Pakistan	Pakistan	14	0	0	14	0	1	1
12	Argentina	all	6	4	2	12	0.333333333333333	0.51756629425226	1
12	Argentina	El_Dorado	6	4	2	12	0.333333333333333	0.51756629425226	1
12	Dominica	all	9	5	1	15	0.233333333333333	1.00000000000001	1
12	Dominica	North_Dominica	5	0	0	5	0	1	1
12	Dominica	Roseau	4	5	1	10	0.35	1	1
12	Turkey	all	12	0	0	12	0	1	1
12	Turkey	Pazar	12	0	0	12	0	1	1
12	Trinidad	all	17	3	0	20	0.075	0.999999999999968	1
12	Trinidad	Trinidad	17	3	0	20	0.075	0.999999999999968	1
12	BurkinaFaso	all	32	4	0	36	0.0555555555555556	1.00000000000003	1
12	BurkinaFaso	Ouaga	18	2	0	20	0.05	1	1
12	BurkinaFaso	Ouahigouya	14	2	0	16	0.0625	0.999999999999998	1
12	SriLanka	all	11	1	0	12	0.0416666666666667	1	1
12	SriLanka	Jaffna	11	1	0	12	0.0416666666666667	1	1
12	USVirginIslands	all	18	0	0	18	0	1	1
12	USVirginIslands	Croix	18	0	0	18	0	1	1
12	Taiwan	all	14	0	0	14	0	1	1
12	Taiwan	Taiwan	14	0	0	14	0	1	1
12	Nigeria	all	18	1	0	19	0.0263157894736842	0.999999999999986	1
12	Nigeria	Awka	18	1	0	19	0.0263157894736842	0.999999999999986	1
12	Senegal	all	100	1	0	101	0.00495049504950495	1	1
12	Senegal	Bantata	11	0	0	11	0	1	1
12	Senegal	Thies	14	0	0	14	0	1	1
12	Senegal	Kedougou	19	0	0	19	0	1	1
12	Senegal	Mindin	19	1	0	20	0.025	1	1
12	Senegal	Ngoye	19	0	0	19	0	1	1
12	Senegal	PK10	18	0	0	18	0	1	1
12	Ghana	all	35	5	0	40	0.0625	0.99999999999991	1
12	Ghana	Boabeng	2	0	0	2	0	1	1
12	Ghana	Kintampo	17	1	0	18	0.0277777777777778	0.999999999999986	1
12	Ghana	Kumasi	16	4	0	20	0.1	0.999999999999996	1
12	Philippines	all	34	0	0	34	0	1	1
12	Philippines	Rural_Sulawesi	16	0	0	16	0	1	1
12	Philippines	Urban_Sulawesi	18	0	0	18	0	1	1
12	PuertoRico	all	19	9	1	29	0.189655172413793	0.999999999999994	1
12	PuertoRico	Playa	9	6	1	16	0.25	1	1
12	PuertoRico	Ponce	10	3	0	13	0.115384615384615	0.999999999999998	1
13	Thailand	all	18	0	0	18	0	1	1
13	Thailand	Bangkok	18	0	0	18	0	1	1
13	USA	all	122	0	0	122	0	1	1
13	USA	Clovis	16	0	0	16	0	1	1
13	USA	New_Orleans	15	0	0	15	0	1	1
13	USA	Miami	15	0	0	15	0	1	1
13	USA	Las_Cruces	18	0	0	18	0	1	1
13	USA	Roswell	19	0	0	19	0	1	1
13	USA	Coachella	19	0	0	19	0	1	1
13	USA	Los_Angeles	20	0	0	20	0	1	1
13	Angola	all	13	0	0	13	0	1	1
13	Angola	Cuanda	13	0	0	13	0	1	1
13	Vietnam	all	20	0	0	20	0	1	1
13	Vietnam	HoChiMin	20	0	0	20	0	1	1
13	SouthAfrica	all	11	0	0	11	0	1	1
13	SouthAfrica	Skukusa	11	0	0	11	0	1	1
13	Tahiti	all	9	0	0	9	0	1	1
13	Tahiti	Tahiti	9	0	0	9	0	1	1
13	Kenya	all	132	0	0	132	0	1	1
13	Kenya	Arabuko	18	0	0	18	0	1	1
13	Kenya	Ganda	8	0	0	8	0	1	1
13	Kenya	Kakamega	18	0	0	18	0	1	1
13	Kenya	KayaBomu	17	0	0	17	0	1	1
13	Kenya	Kwale	19	0	0	19	0	1	1
13	Kenya	Rabai_2017	17	0	0	17	0	1	1
13	Kenya	ShimbaHills	8	0	0	8	0	1	1
13	Kenya	Virhembe	15	0	0	15	0	1	1
13	Kenya	Rabai_2009	12	0	0	12	0	1	1
13	Uganda	all	26	0	0	26	0	1	1
13	Uganda	Bundibugyo	7	0	0	7	0	1	1
13	Uganda	Kichwamba	8	0	0	8	0	1	1
13	Uganda	Entebbe	11	0	0	11	0	1	1
13	Brazil	all	202	0	0	202	0	1	1
13	Brazil	Jacobina	16	0	0	16	0	1	1
13	Brazil	Santarem	16	0	0	16	0	1	1
13	Brazil	Cuiaba	20	0	0	20	0	1	1
13	Brazil	Manaus	19	0	0	19	0	1	1
13	Brazil	Palmas	19	0	0	19	0	1	1
13	Brazil	Passo_Fundo	19	0	0	19	0	1	1
13	Brazil	Sao_Luiz	18	0	0	18	0	1	1
13	Brazil	Lagarto	20	0	0	20	0	1	1
13	Brazil	Maringa	18	0	0	18	0	1	1
13	Brazil	Patos_de_Minas	18	0	0	18	0	1	1
13	Brazil	Porto_Velho	19	0	0	19	0	1	1
13	SaudiArabia	all	31	0	0	31	0	1	1
13	SaudiArabia	Jeddah	16	0	0	16	0	1	1
13	SaudiArabia	Mecca	15	0	0	15	0	1	1
13	Colombia	all	6	0	0	6	0	1	1
13	Colombia	Cali	6	0	0	6	0	1	1
13	Gabon	all	41	1	0	42	0.0119047619047619	1	1
13	Gabon	Franceville	13	0	0	13	0	1	1
13	Gabon	Libreville	13	1	0	14	0.0357142857142857	0.999999999999986	1
13	Gabon	Lope_village	15	0	0	15	0	1	1
13	Cameroon	all	13	0	0	13	0	1	1
13	Cameroon	YAOMO	13	0	0	13	0	1	1
13	Pakistan	all	14	0	0	14	0	1	1
13	Pakistan	Pakistan	14	0	0	14	0	1	1
13	Argentina	all	12	0	0	12	0	1	1
13	Argentina	El_Dorado	12	0	0	12	0	1	1
13	Dominica	all	15	0	0	15	0	1	1
13	Dominica	North_Dominica	5	0	0	5	0	1	1
13	Dominica	Roseau	10	0	0	10	0	1	1
13	Turkey	all	12	0	0	12	0	1	1
13	Turkey	Pazar	12	0	0	12	0	1	1
13	Trinidad	all	20	0	0	20	0	1	1
13	Trinidad	Trinidad	20	0	0	20	0	1	1
13	BurkinaFaso	all	21	13	2	36	0.236111111111111	1.00000000000005	1
13	BurkinaFaso	Ouaga	5	13	2	20	0.425	0.354542083796806	1
13	BurkinaFaso	Ouahigouya	16	0	0	16	0	1	1
13	SriLanka	all	12	0	0	12	0	1	1
13	SriLanka	Jaffna	12	0	0	12	0	1	1
13	USVirginIslands	all	18	0	0	18	0	1	1
13	USVirginIslands	Croix	18	0	0	18	0	1	1
13	Taiwan	all	14	0	0	14	0	1	1
13	Taiwan	Taiwan	14	0	0	14	0	1	1
13	Nigeria	all	19	0	0	19	0	1	1
13	Nigeria	Awka	19	0	0	19	0	1	1
13	Senegal	all	100	1	0	101	0.00495049504950495	1	1
13	Senegal	Bantata	11	0	0	11	0	1	1
13	Senegal	Thies	13	1	0	14	0.0357142857142857	0.999999999999986	1
13	Senegal	Kedougou	19	0	0	19	0	1	1
13	Senegal	Mindin	20	0	0	20	0	1	1
13	Senegal	Ngoye	19	0	0	19	0	1	1
13	Senegal	PK10	18	0	0	18	0	1	1
13	Ghana	all	32	8	0	40	0.1	0.999999999999972	1
13	Ghana	Boabeng	1	1	0	2	0.25	1	1
13	Ghana	Kintampo	15	3	0	18	0.0833333333333333	0.999999999999998	1
13	Ghana	Kumasi	16	4	0	20	0.1	0.999999999999996	1
13	Philippines	all	34	0	0	34	0	1	1
13	Philippines	Rural_Sulawesi	16	0	0	16	0	1	1
13	Philippines	Urban_Sulawesi	18	0	0	18	0	1	1
13	PuertoRico	all	29	0	0	29	0	1	1
13	PuertoRico	Playa	16	0	0	16	0	1	1
13	PuertoRico	Ponce	13	0	0	13	0	1	1
14	Thailand	all	18	0	0	18	0	1	1
14	Thailand	Bangkok	18	0	0	18	0	1	1
14	USA	all	122	0	0	122	0	1	1
14	USA	Clovis	16	0	0	16	0	1	1
14	USA	New_Orleans	15	0	0	15	0	1	1
14	USA	Miami	15	0	0	15	0	1	1
14	USA	Las_Cruces	18	0	0	18	0	1	1
14	USA	Roswell	19	0	0	19	0	1	1
14	USA	Coachella	19	0	0	19	0	1	1
14	USA	Los_Angeles	20	0	0	20	0	1	1
14	Angola	all	12	1	0	13	0.0384615384615385	1	1
14	Angola	Cuanda	12	1	0	13	0.0384615384615385	1	1
14	Vietnam	all	20	0	0	20	0	1	1
14	Vietnam	HoChiMin	20	0	0	20	0	1	1
14	SouthAfrica	all	11	0	0	11	0	1	1
14	SouthAfrica	Skukusa	11	0	0	11	0	1	1
14	Tahiti	all	9	0	0	9	0	1	1
14	Tahiti	Tahiti	9	0	0	9	0	1	1
14	Kenya	all	132	0	0	132	0	1	1
14	Kenya	Arabuko	18	0	0	18	0	1	1
14	Kenya	Ganda	8	0	0	8	0	1	1
14	Kenya	Kakamega	18	0	0	18	0	1	1
14	Kenya	KayaBomu	17	0	0	17	0	1	1
14	Kenya	Kwale	19	0	0	19	0	1	1
14	Kenya	Rabai_2017	17	0	0	17	0	1	1
14	Kenya	ShimbaHills	8	0	0	8	0	1	1
14	Kenya	Virhembe	15	0	0	15	0	1	1
14	Kenya	Rabai_2009	12	0	0	12	0	1	1
14	Uganda	all	26	0	0	26	0	1	1
14	Uganda	Bundibugyo	7	0	0	7	0	1	1
14	Uganda	Kichwamba	8	0	0	8	0	1	1
14	Uganda	Entebbe	11	0	0	11	0	1	1
14	Brazil	all	202	0	0	202	0	1	1
14	Brazil	Jacobina	16	0	0	16	0	1	1
14	Brazil	Santarem	16	0	0	16	0	1	1
14	Brazil	Cuiaba	20	0	0	20	0	1	1
14	Brazil	Manaus	19	0	0	19	0	1	1
14	Brazil	Palmas	19	0	0	19	0	1	1
14	Brazil	Passo_Fundo	19	0	0	19	0	1	1
14	Brazil	Sao_Luiz	18	0	0	18	0	1	1
14	Brazil	Lagarto	20	0	0	20	0	1	1
14	Brazil	Maringa	18	0	0	18	0	1	1
14	Brazil	Patos_de_Minas	18	0	0	18	0	1	1
14	Brazil	Porto_Velho	19	0	0	19	0	1	1
14	SaudiArabia	all	31	0	0	31	0	1	1
14	SaudiArabia	Jeddah	16	0	0	16	0	1	1
14	SaudiArabia	Mecca	15	0	0	15	0	1	1
14	Colombia	all	6	0	0	6	0	1	1
14	Colombia	Cali	6	0	0	6	0	1	1
14	Gabon	all	42	0	0	42	0	1	1
14	Gabon	Franceville	13	0	0	13	0	1	1
14	Gabon	Libreville	14	0	0	14	0	1	1
14	Gabon	Lope_village	15	0	0	15	0	1	1
14	Cameroon	all	13	0	0	13	0	1	1
14	Cameroon	YAOMO	13	0	0	13	0	1	1
14	Pakistan	all	14	0	0	14	0	1	1
14	Pakistan	Pakistan	14	0	0	14	0	1	1
14	Argentina	all	9	3	0	12	0.125	0.999999999999999	1
14	Argentina	El_Dorado	9	3	0	12	0.125	0.999999999999999	1
14	Dominica	all	15	0	0	15	0	1	1
14	Dominica	North_Dominica	5	0	0	5	0	1	1
14	Dominica	Roseau	10	0	0	10	0	1	1
14	Turkey	all	12	0	0	12	0	1	1
14	Turkey	Pazar	12	0	0	12	0	1	1
14	Trinidad	all	20	0	0	20	0	1	1
14	Trinidad	Trinidad	20	0	0	20	0	1	1
14	BurkinaFaso	all	16	11	9	36	0.402777777777778	0.0365173936481617	1
14	BurkinaFaso	Ouaga	1	10	9	20	0.7	0.61903616631091	1
14	BurkinaFaso	Ouahigouya	15	1	0	16	0.03125	1	1
14	SriLanka	all	12	0	0	12	0	1	1
14	SriLanka	Jaffna	12	0	0	12	0	1	1
14	USVirginIslands	all	18	0	0	18	0	1	1
14	USVirginIslands	Croix	18	0	0	18	0	1	1
14	Taiwan	all	14	0	0	14	0	1	1
14	Taiwan	Taiwan	14	0	0	14	0	1	1
14	Nigeria	all	16	2	1	19	0.105263157894737	0.159845559845556	1
14	Nigeria	Awka	16	2	1	19	0.105263157894737	0.159845559845556	1
14	Senegal	all	85	13	3	101	0.0940594059405941	0.0378298766566194	1
14	Senegal	Bantata	11	0	0	11	0	1	1
14	Senegal	Thies	3	8	3	14	0.5	1	1
14	Senegal	Kedougou	18	1	0	19	0.0263157894736842	0.999999999999986	1
14	Senegal	Mindin	18	2	0	20	0.05	1	1
14	Senegal	Ngoye	17	2	0	19	0.0526315789473684	0.999999999999996	1
14	Senegal	PK10	18	0	0	18	0	1	1
14	Ghana	all	24	13	3	40	0.2375	0.658852218810967	1
14	Ghana	Boabeng	2	0	0	2	0	1	1
14	Ghana	Kintampo	9	6	3	18	0.333333333333333	0.310878754171292	1
14	Ghana	Kumasi	13	7	0	20	0.175	1	1
14	Philippines	all	34	0	0	34	0	1	1
14	Philippines	Rural_Sulawesi	16	0	0	16	0	1	1
14	Philippines	Urban_Sulawesi	18	0	0	18	0	1	1
14	PuertoRico	all	29	0	0	29	0	1	1
14	PuertoRico	Playa	16	0	0	16	0	1	1
14	PuertoRico	Ponce	13	0	0	13	0	1	1
15	Thailand	all	18	0	0	18	0	1	1
15	Thailand	Bangkok	18	0	0	18	0	1	1
15	USA	all	122	0	0	122	0	1	1
15	USA	Clovis	16	0	0	16	0	1	1
15	USA	New_Orleans	15	0	0	15	0	1	1
15	USA	Miami	15	0	0	15	0	1	1
15	USA	Las_Cruces	18	0	0	18	0	1	1
15	USA	Roswell	19	0	0	19	0	1	1
15	USA	Coachella	19	0	0	19	0	1	1
15	USA	Los_Angeles	20	0	0	20	0	1	1
15	Angola	all	13	0	0	13	0	1	1
15	Angola	Cuanda	13	0	0	13	0	1	1
15	Vietnam	all	20	0	0	20	0	1	1
15	Vietnam	HoChiMin	20	0	0	20	0	1	1
15	SouthAfrica	all	11	0	0	11	0	1	1
15	SouthAfrica	Skukusa	11	0	0	11	0	1	1
15	Tahiti	all	9	0	0	9	0	1	1
15	Tahiti	Tahiti	9	0	0	9	0	1	1
15	Kenya	all	132	0	0	132	0	1	1
15	Kenya	Arabuko	18	0	0	18	0	1	1
15	Kenya	Ganda	8	0	0	8	0	1	1
15	Kenya	Kakamega	18	0	0	18	0	1	1
15	Kenya	KayaBomu	17	0	0	17	0	1	1
15	Kenya	Kwale	19	0	0	19	0	1	1
15	Kenya	Rabai_2017	17	0	0	17	0	1	1
15	Kenya	ShimbaHills	8	0	0	8	0	1	1
15	Kenya	Virhembe	15	0	0	15	0	1	1
15	Kenya	Rabai_2009	12	0	0	12	0	1	1
15	Uganda	all	26	0	0	26	0	1	1
15	Uganda	Bundibugyo	7	0	0	7	0	1	1
15	Uganda	Kichwamba	8	0	0	8	0	1	1
15	Uganda	Entebbe	11	0	0	11	0	1	1
15	Brazil	all	202	0	0	202	0	1	1
15	Brazil	Jacobina	16	0	0	16	0	1	1
15	Brazil	Santarem	16	0	0	16	0	1	1
15	Brazil	Cuiaba	20	0	0	20	0	1	1
15	Brazil	Manaus	19	0	0	19	0	1	1
15	Brazil	Palmas	19	0	0	19	0	1	1
15	Brazil	Passo_Fundo	19	0	0	19	0	1	1
15	Brazil	Sao_Luiz	18	0	0	18	0	1	1
15	Brazil	Lagarto	20	0	0	20	0	1	1
15	Brazil	Maringa	18	0	0	18	0	1	1
15	Brazil	Patos_de_Minas	18	0	0	18	0	1	1
15	Brazil	Porto_Velho	19	0	0	19	0	1	1
15	SaudiArabia	all	31	0	0	31	0	1	1
15	SaudiArabia	Jeddah	16	0	0	16	0	1	1
15	SaudiArabia	Mecca	15	0	0	15	0	1	1
15	Colombia	all	6	0	0	6	0	1	1
15	Colombia	Cali	6	0	0	6	0	1	1
15	Gabon	all	42	0	0	42	0	1	1
15	Gabon	Franceville	13	0	0	13	0	1	1
15	Gabon	Libreville	14	0	0	14	0	1	1
15	Gabon	Lope_village	15	0	0	15	0	1	1
15	Cameroon	all	13	0	0	13	0	1	1
15	Cameroon	YAOMO	13	0	0	13	0	1	1
15	Pakistan	all	14	0	0	14	0	1	1
15	Pakistan	Pakistan	14	0	0	14	0	1	1
15	Argentina	all	12	0	0	12	0	1	1
15	Argentina	El_Dorado	12	0	0	12	0	1	1
15	Dominica	all	15	0	0	15	0	1	1
15	Dominica	North_Dominica	5	0	0	5	0	1	1
15	Dominica	Roseau	10	0	0	10	0	1	1
15	Turkey	all	12	0	0	12	0	1	1
15	Turkey	Pazar	12	0	0	12	0	1	1
15	Trinidad	all	20	0	0	20	0	1	1
15	Trinidad	Trinidad	20	0	0	20	0	1	1
15	BurkinaFaso	all	36	0	0	36	0	1	1
15	BurkinaFaso	Ouaga	20	0	0	20	0	1	1
15	BurkinaFaso	Ouahigouya	16	0	0	16	0	1	1
15	SriLanka	all	12	0	0	12	0	1	1
15	SriLanka	Jaffna	12	0	0	12	0	1	1
15	USVirginIslands	all	18	0	0	18	0	1	1
15	USVirginIslands	Croix	18	0	0	18	0	1	1
15	Taiwan	all	14	0	0	14	0	1	1
15	Taiwan	Taiwan	14	0	0	14	0	1	1
15	Nigeria	all	19	0	0	19	0	1	1
15	Nigeria	Awka	19	0	0	19	0	1	1
15	Senegal	all	56	34	11	101	0.277227722772277	0.13358210360756	1
15	Senegal	Bantata	8	3	0	11	0.136363636363636	1.00000000000001	1
15	Senegal	Thies	14	0	0	14	0	1	1
15	Senegal	Kedougou	8	10	1	19	0.315789473684211	0.606942076352514	1
15	Senegal	Mindin	2	9	9	20	0.675	0.999999999999978	1
15	Senegal	Ngoye	17	2	0	19	0.0526315789473684	0.999999999999996	1
15	Senegal	PK10	7	10	1	18	0.333333333333333	0.597266804385809	1
15	Ghana	all	40	0	0	40	0	1	1
15	Ghana	Boabeng	2	0	0	2	0	1	1
15	Ghana	Kintampo	18	0	0	18	0	1	1
15	Ghana	Kumasi	20	0	0	20	0	1	1
15	Philippines	all	34	0	0	34	0	1	1
15	Philippines	Rural_Sulawesi	16	0	0	16	0	1	1
15	Philippines	Urban_Sulawesi	18	0	0	18	0	1	1
15	PuertoRico	all	29	0	0	29	0	1	1
15	PuertoRico	Playa	16	0	0	16	0	1	1
15	PuertoRico	Ponce	13	0	0	13	0	1	1
16	Thailand	all	18	0	0	18	0	1	1
16	Thailand	Bangkok	18	0	0	18	0	1	1
16	USA	all	114	8	0	122	0.0327868852459016	0.999999999999792	1
16	USA	Clovis	16	0	0	16	0	1	1
16	USA	New_Orleans	15	0	0	15	0	1	1
16	USA	Miami	15	0	0	15	0	1	1
16	USA	Las_Cruces	17	1	0	18	0.0277777777777778	0.999999999999986	1
16	USA	Roswell	17	2	0	19	0.0526315789473684	0.999999999999996	1
16	USA	Coachella	19	0	0	19	0	1	1
16	USA	Los_Angeles	15	5	0	20	0.125	0.999999999999987	1
16	Angola	all	8	2	3	13	0.307692307692308	0.0334096109839819	1
16	Angola	Cuanda	8	2	3	13	0.307692307692308	0.0334096109839819	1
16	Vietnam	all	20	0	0	20	0	1	1
16	Vietnam	HoChiMin	20	0	0	20	0	1	1
16	SouthAfrica	all	1	9	1	11	0.5	0.0905998026741074	1
16	SouthAfrica	Skukusa	1	9	1	11	0.5	0.0905998026741074	1
16	Tahiti	all	9	0	0	9	0	1	1
16	Tahiti	Tahiti	9	0	0	9	0	1	1
16	Kenya	all	81	40	11	132	0.234848484848485	0.0873316650950174	1
16	Kenya	Arabuko	12	5	1	18	0.194444444444444	0.512023460410546	1
16	Kenya	Ganda	7	1	0	8	0.0625	1	1
16	Kenya	Kakamega	2	11	5	18	0.583333333333333	0.624445841595317	1
16	Kenya	KayaBomu	13	4	0	17	0.117647058823529	1	1
16	Kenya	Kwale	14	5	0	19	0.131578947368421	1	1
16	Kenya	Rabai_2017	14	3	0	17	0.0882352941176471	1.00000000000001	1
16	Kenya	ShimbaHills	7	1	0	8	0.0625	1	1
16	Kenya	Virhembe	4	7	4	15	0.5	1.00000000000001	1
16	Kenya	Rabai_2009	8	3	1	12	0.208333333333333	0.403726708074535	1
16	Uganda	all	7	11	8	26	0.519230769230769	0.448915490109078	1
16	Uganda	Bundibugyo	1	5	1	7	0.5	0.51048951048951	1
16	Uganda	Kichwamba	2	0	6	8	0.75	0.0153846153846153	1
16	Uganda	Entebbe	4	6	1	11	0.363636363636364	1.00000000000001	1
16	Brazil	all	186	16	0	202	0.0396039603960396	0.999999999999889	1
16	Brazil	Jacobina	16	0	0	16	0	1	1
16	Brazil	Santarem	16	0	0	16	0	1	1
16	Brazil	Cuiaba	20	0	0	20	0	1	1
16	Brazil	Manaus	19	0	0	19	0	1	1
16	Brazil	Palmas	18	1	0	19	0.0263157894736842	0.999999999999986	1
16	Brazil	Passo_Fundo	18	1	0	19	0.0263157894736842	0.999999999999986	1
16	Brazil	Sao_Luiz	18	0	0	18	0	1	1
16	Brazil	Lagarto	20	0	0	20	0	1	1
16	Brazil	Maringa	16	2	0	18	0.0555555555555556	0.999999999999963	1
16	Brazil	Patos_de_Minas	6	12	0	18	0.333333333333333	0.102054134223208	1
16	Brazil	Porto_Velho	19	0	0	19	0	1	1
16	SaudiArabia	all	31	0	0	31	0	1	1
16	SaudiArabia	Jeddah	16	0	0	16	0	1	1
16	SaudiArabia	Mecca	15	0	0	15	0	1	1
16	Colombia	all	6	0	0	6	0	1	1
16	Colombia	Cali	6	0	0	6	0	1	1
16	Gabon	all	40	2	0	42	0.0238095238095238	1.00000000000008	1
16	Gabon	Franceville	12	1	0	13	0.0384615384615385	1	1
16	Gabon	Libreville	14	0	0	14	0	1	1
16	Gabon	Lope_village	14	1	0	15	0.0333333333333333	1	1
16	Cameroon	all	13	0	0	13	0	1	1
16	Cameroon	YAOMO	13	0	0	13	0	1	1
16	Pakistan	all	14	0	0	14	0	1	1
16	Pakistan	Pakistan	14	0	0	14	0	1	1
16	Argentina	all	11	1	0	12	0.0416666666666667	1	1
16	Argentina	El_Dorado	11	1	0	12	0.0416666666666667	1	1
16	Dominica	all	15	0	0	15	0	1	1
16	Dominica	North_Dominica	5	0	0	5	0	1	1
16	Dominica	Roseau	10	0	0	10	0	1	1
16	Turkey	all	12	0	0	12	0	1	1
16	Turkey	Pazar	12	0	0	12	0	1	1
16	Trinidad	all	20	0	0	20	0	1	1
16	Trinidad	Trinidad	20	0	0	20	0	1	1
16	BurkinaFaso	all	36	0	0	36	0	1	1
16	BurkinaFaso	Ouaga	20	0	0	20	0	1	1
16	BurkinaFaso	Ouahigouya	16	0	0	16	0	1	1
16	SriLanka	all	12	0	0	12	0	1	1
16	SriLanka	Jaffna	12	0	0	12	0	1	1
16	USVirginIslands	all	18	0	0	18	0	1	1
16	USVirginIslands	Croix	18	0	0	18	0	1	1
16	Taiwan	all	14	0	0	14	0	1	1
16	Taiwan	Taiwan	14	0	0	14	0	1	1
16	Nigeria	all	19	0	0	19	0	1	1
16	Nigeria	Awka	19	0	0	19	0	1	1
16	Senegal	all	101	0	0	101	0	1	1
16	Senegal	Bantata	11	0	0	11	0	1	1
16	Senegal	Thies	14	0	0	14	0	1	1
16	Senegal	Kedougou	19	0	0	19	0	1	1
16	Senegal	Mindin	20	0	0	20	0	1	1
16	Senegal	Ngoye	19	0	0	19	0	1	1
16	Senegal	PK10	18	0	0	18	0	1	1
16	Ghana	all	40	0	0	40	0	1	1
16	Ghana	Boabeng	2	0	0	2	0	1	1
16	Ghana	Kintampo	18	0	0	18	0	1	1
16	Ghana	Kumasi	20	0	0	20	0	1	1
16	Philippines	all	34	0	0	34	0	1	1
16	Philippines	Rural_Sulawesi	16	0	0	16	0	1	1
16	Philippines	Urban_Sulawesi	18	0	0	18	0	1	1
16	PuertoRico	all	29	0	0	29	0	1	1
16	PuertoRico	Playa	16	0	0	16	0	1	1
16	PuertoRico	Ponce	13	0	0	13	0	1	1
