inv	country	pop	aa	ab	bb	n	maf	P	HWE
1	Thailand	all	0	0	18	18	1	1	1
1	Thailand	Bangkok	0	0	18	18	1	1	1
1	USA	all	5	44	73	122	0.778688524590164	0.793819145526135	1
1	USA	Clovis	0	2	14	16	0.9375	0.999999999999998	1
1	USA	New_Orleans	0	2	13	15	0.933333333333333	1.00000000000001	1
1	USA	Miami	1	8	6	15	0.666666666666667	0.616191904047984	1
1	USA	Las_Cruces	0	9	9	18	0.75	0.524042587001418	1
1	USA	Roswell	2	9	8	19	0.657894736842105	0.999999999999979	1
1	USA	Coachella	1	7	11	19	0.763157894736842	0.999999999999974	1
1	USA	Los_Angeles	1	7	12	20	0.775	0.999999999999986	1
1	Angola	all	4	8	1	13	0.384615384615385	0.565809664827037	1
1	Angola	Cuanda	4	8	1	13	0.384615384615385	0.565809664827037	1
1	Vietnam	all	0	0	20	20	1	1	1
1	Vietnam	HoChiMin	0	0	20	20	1	1	1
1	SouthAfrica	all	11	0	0	11	0	1	1
1	SouthAfrica	Skukusa	11	0	0	11	0	1	1
1	Tahiti	all	0	0	9	9	1	1	1
1	Tahiti	Tahiti	0	0	9	9	1	1	1
1	Kenya	all	72	46	14	132	0.28030303030303	0.130535397294984	1
1	Kenya	Arabuko	13	5	0	18	0.138888888888889	0.999999999999988	1
1	Kenya	Ganda	5	2	1	8	0.25	0.384615384615384	1
1	Kenya	Kakamega	4	13	1	18	0.416666666666667	0.0738261367849783	1
1	Kenya	KayaBomu	12	4	1	17	0.176470588235294	0.411062797047232	1
1	Kenya	Kwale	17	1	1	19	0.0789473684210526	0.0810810810810808	1
1	Kenya	Rabai_2017	13	3	1	17	0.147058823529412	0.288367546432063	1
1	Kenya	ShimbaHills	7	1	0	8	0.0625	1	1
1	Kenya	Virhembe	0	15	0	15	0.5	0.000211246286041709	0
1	Kenya	Rabai_2009	1	2	9	12	0.833333333333333	0.254658385093169	1
1	Uganda	all	4	22	0	26	0.423076923076923	0.000241234828698195	0
1	Uganda	Bundibugyo	0	7	0	7	0.5	0.0372960372960372	1
1	Uganda	Kichwamba	3	5	0	8	0.3125	0.487179487179489	1
1	Uganda	Entebbe	1	10	0	11	0.454545454545455	0.0181335692171607	1
1	Brazil	all	3	60	139	202	0.836633663366337	0.30508118029406	1
1	Brazil	Jacobina	0	9	7	16	0.71875	0.256062291434929	1
1	Brazil	Santarem	0	0	16	16	1	1	1
1	Brazil	Cuiaba	0	4	16	20	0.9	0.999999999999996	1
1	Brazil	Manaus	0	2	17	19	0.947368421052632	0.999999999999996	1
1	Brazil	Palmas	0	6	13	19	0.842105263157895	0.999999999999985	1
1	Brazil	Passo_Fundo	3	8	8	19	0.631578947368421	0.647820100411857	1
1	Brazil	Sao_Luiz	0	8	10	18	0.777777777777778	0.528850237637771	1
1	Brazil	Lagarto	0	8	12	20	0.8	0.548415548415535	1
1	Brazil	Maringa	0	5	13	18	0.861111111111111	0.999999999999988	1
1	Brazil	Patos_de_Minas	0	7	11	18	0.805555555555556	0.999999999999976	1
1	Brazil	Porto_Velho	0	3	16	19	0.921052631578947	0.99999999999999	1
1	SaudiArabia	all	0	0	31	31	1	1	1
1	SaudiArabia	Jeddah	0	0	16	16	1	1	1
1	SaudiArabia	Mecca	0	0	15	15	1	1	1
1	Colombia	all	0	0	6	6	1	1	1
1	Colombia	Cali	0	0	6	6	1	1	1
1	Gabon	all	26	15	1	42	0.202380952380952	1.00000000000002	1
1	Gabon	Franceville	12	1	0	13	0.0384615384615385	1	1
1	Gabon	Libreville	5	8	1	14	0.357142857142857	0.589931350114416	1
1	Gabon	Lope_village	9	6	0	15	0.2	1	1
1	Cameroon	all	2	11	0	13	0.423076923076923	0.0233409610983983	1
1	Cameroon	YAOMO	2	11	0	13	0.423076923076923	0.0233409610983983	1
1	Pakistan	all	1	4	9	14	0.785714285714286	0.489855072463764	1
1	Pakistan	Pakistan	1	4	9	14	0.785714285714286	0.489855072463764	1
1	Argentina	all	0	12	0	12	0.5	0.00185640177563721	0
1	Argentina	El_Dorado	0	12	0	12	0.5	0.00185640177563721	0
1	Dominica	all	0	0	15	15	1	1	1
1	Dominica	North_Dominica	0	0	5	5	1	1	1
1	Dominica	Roseau	0	0	10	10	1	1	1
1	Turkey	all	0	0	12	12	1	1	1
1	Turkey	Pazar	0	0	12	12	1	1	1
1	Trinidad	all	0	0	20	20	1	1	1
1	Trinidad	Trinidad	0	0	20	20	1	1	1
1	BurkinaFaso	all	7	28	1	36	0.416666666666667	0.000475863928961584	0
1	BurkinaFaso	Ouaga	3	16	1	20	0.45	0.0197578294884478	1
1	BurkinaFaso	Ouahigouya	4	12	0	16	0.375	0.0373071528751757	1
1	SriLanka	all	0	2	10	12	0.916666666666667	0.999999999999995	1
1	SriLanka	Jaffna	0	2	10	12	0.916666666666667	0.999999999999995	1
1	USVirginIslands	all	0	0	18	18	1	1	1
1	USVirginIslands	Croix	0	0	18	18	1	1	1
1	Taiwan	all	0	0	14	14	1	1	1
1	Taiwan	Taiwan	0	0	14	14	1	1	1
1	Nigeria	all	7	12	0	19	0.315789473684211	0.109068706399071	1
1	Nigeria	Awka	7	12	0	19	0.315789473684211	0.109068706399071	1
1	Senegal	all	19	66	16	101	0.485148514851485	0.00282897971507197	0
1	Senegal	Bantata	2	9	0	11	0.409090909090909	0.0659000442282181	1
1	Senegal	Thies	0	8	6	14	0.714285714285714	0.505314009661834	1
1	Senegal	Kedougou	7	12	0	19	0.315789473684211	0.109068706399071	1
1	Senegal	Mindin	7	13	0	20	0.325	0.0575542967089119	1
1	Senegal	Ngoye	1	8	10	19	0.736842105263158	0.999999999999994	1
1	Senegal	PK10	2	16	0	18	0.444444444444444	0.00233611723673142	0
1	Ghana	all	5	25	10	40	0.5625	0.120843989237879	1
1	Ghana	Boabeng	0	2	0	2	0.5	1	1
1	Ghana	Kintampo	3	15	0	18	0.416666666666667	0.00492803451646598	0
1	Ghana	Kumasi	2	8	10	20	0.7	0.999999999999992	1
1	Philippines	all	0	0	34	34	1	1	1
1	Philippines	Rural_Sulawesi	0	0	16	16	1	1	1
1	Philippines	Urban_Sulawesi	0	0	18	18	1	1	1
1	PuertoRico	all	0	12	17	29	0.793103448275862	0.304268653308465	1
1	PuertoRico	Playa	0	8	8	16	0.75	0.512742553454456	1
1	PuertoRico	Ponce	0	4	9	13	0.846153846153846	1	1
2	Thailand	all	6	10	2	18	0.388888888888889	0.645906079218441	1
2	Thailand	Bangkok	6	10	2	18	0.388888888888889	0.645906079218441	1
2	USA	all	54	52	16	122	0.344262295081967	0.549509004083859	1
2	USA	Clovis	7	7	2	16	0.34375	1.00000000000001	1
2	USA	New_Orleans	7	6	2	15	0.333333333333333	1.00000000000002	1
2	USA	Miami	1	10	4	15	0.6	0.288945001183621	1
2	USA	Las_Cruces	14	4	0	18	0.111111111111111	0.999999999999975	1
2	USA	Roswell	10	8	1	19	0.263157894736842	0.999999999999994	1
2	USA	Coachella	6	8	5	19	0.473684210526316	0.645036069585078	1
2	USA	Los_Angeles	9	9	2	20	0.325	0.999999999999978	1
2	Angola	all	9	4	0	13	0.153846153846154	1	1
2	Angola	Cuanda	9	4	0	13	0.153846153846154	1	1
2	Vietnam	all	6	12	2	20	0.4	0.384813957450217	1
2	Vietnam	HoChiMin	6	12	2	20	0.4	0.384813957450217	1
2	SouthAfrica	all	11	0	0	11	0	1	1
2	SouthAfrica	Skukusa	11	0	0	11	0	1	1
2	Tahiti	all	0	1	8	9	0.944444444444444	1	1
2	Tahiti	Tahiti	0	1	8	9	0.944444444444444	1	1
2	Kenya	all	101	30	1	132	0.121212121212121	0.691955009872225	1
2	Kenya	Arabuko	13	5	0	18	0.138888888888889	0.999999999999988	1
2	Kenya	Ganda	4	4	0	8	0.25	0.999999999999999	1
2	Kenya	Kakamega	17	1	0	18	0.0277777777777778	0.999999999999986	1
2	Kenya	KayaBomu	16	1	0	17	0.0294117647058824	1.00000000000003	1
2	Kenya	Kwale	13	6	0	19	0.157894736842105	0.999999999999985	1
2	Kenya	Rabai_2017	14	3	0	17	0.0882352941176471	1.00000000000001	1
2	Kenya	ShimbaHills	5	3	0	8	0.1875	0.999999999999997	1
2	Kenya	Virhembe	15	0	0	15	0	1	1
2	Kenya	Rabai_2009	4	7	1	12	0.375	0.592946560775344	1
2	Uganda	all	26	0	0	26	0	1	1
2	Uganda	Bundibugyo	7	0	0	7	0	1	1
2	Uganda	Kichwamba	8	0	0	8	0	1	1
2	Uganda	Entebbe	11	0	0	11	0	1	1
2	Brazil	all	113	74	15	202	0.257425742574257	0.580833041027337	1
2	Brazil	Jacobina	8	8	0	16	0.25	0.512742553454456	1
2	Brazil	Santarem	10	5	1	16	0.21875	1	1
2	Brazil	Cuiaba	4	14	2	20	0.45	0.169475419221511	1
2	Brazil	Manaus	15	4	0	19	0.105263157894737	0.99999999999997	1
2	Brazil	Palmas	9	9	1	19	0.289473684210526	0.999999999999987	1
2	Brazil	Passo_Fundo	12	5	2	19	0.236842105263158	0.235063802805735	1
2	Brazil	Sao_Luiz	12	3	3	18	0.25	0.0324603094347249	1
2	Brazil	Lagarto	13	6	1	20	0.2	0.999999999999978	1
2	Brazil	Maringa	8	10	0	18	0.277777777777778	0.250807775835578	1
2	Brazil	Patos_de_Minas	7	6	5	18	0.444444444444444	0.178658178242255	1
2	Brazil	Porto_Velho	15	4	0	19	0.105263157894737	0.99999999999997	1
2	SaudiArabia	all	12	15	4	31	0.370967741935484	1.00000000000003	1
2	SaudiArabia	Jeddah	7	6	3	16	0.375	0.591430091405915	1
2	SaudiArabia	Mecca	5	9	1	15	0.366666666666667	0.577811094452781	1
2	Colombia	all	0	4	2	6	0.666666666666667	1	1
2	Colombia	Cali	0	4	2	6	0.666666666666667	1	1
2	Gabon	all	41	1	0	42	0.0119047619047619	1	1
2	Gabon	Franceville	13	0	0	13	0	1	1
2	Gabon	Libreville	13	1	0	14	0.0357142857142857	0.999999999999986	1
2	Gabon	Lope_village	15	0	0	15	0	1	1
2	Cameroon	all	13	0	0	13	0	1	1
2	Cameroon	YAOMO	13	0	0	13	0	1	1
2	Pakistan	all	7	7	0	14	0.25	0.513043478260865	1
2	Pakistan	Pakistan	7	7	0	14	0.25	0.513043478260865	1
2	Argentina	all	9	2	1	12	0.166666666666667	0.254658385093169	1
2	Argentina	El_Dorado	9	2	1	12	0.166666666666667	0.254658385093169	1
2	Dominica	all	9	6	0	15	0.2	1	1
2	Dominica	North_Dominica	1	4	0	5	0.4	0.428571428571427	1
2	Dominica	Roseau	8	2	0	10	0.1	1	1
2	Turkey	all	10	2	0	12	0.0833333333333333	0.999999999999995	1
2	Turkey	Pazar	10	2	0	12	0.0833333333333333	0.999999999999995	1
2	Trinidad	all	7	10	3	20	0.4	0.999999999999988	1
2	Trinidad	Trinidad	7	10	3	20	0.4	0.999999999999988	1
2	BurkinaFaso	all	36	0	0	36	0	1	1
2	BurkinaFaso	Ouaga	20	0	0	20	0	1	1
2	BurkinaFaso	Ouahigouya	16	0	0	16	0	1	1
2	SriLanka	all	8	2	2	12	0.25	0.0898986596927103	1
2	SriLanka	Jaffna	8	2	2	12	0.25	0.0898986596927103	1
2	USVirginIslands	all	14	4	0	18	0.111111111111111	0.999999999999975	1
2	USVirginIslands	Croix	14	4	0	18	0.111111111111111	0.999999999999975	1
2	Taiwan	all	3	10	1	14	0.428571428571429	0.267160227935566	1
2	Taiwan	Taiwan	3	10	1	14	0.428571428571429	0.267160227935566	1
2	Nigeria	all	16	3	0	19	0.0789473684210526	0.99999999999999	1
2	Nigeria	Awka	16	3	0	19	0.0789473684210526	0.99999999999999	1
2	Senegal	all	98	3	0	101	0.0148514851485149	1.00000000000001	1
2	Senegal	Bantata	11	0	0	11	0	1	1
2	Senegal	Thies	12	2	0	14	0.0714285714285714	0.999999999999993	1
2	Senegal	Kedougou	19	0	0	19	0	1	1
2	Senegal	Mindin	20	0	0	20	0	1	1
2	Senegal	Ngoye	18	1	0	19	0.0263157894736842	0.999999999999986	1
2	Senegal	PK10	18	0	0	18	0	1	1
2	Ghana	all	36	3	1	40	0.0625	0.124116389939163	1
2	Ghana	Boabeng	2	0	0	2	0	1	1
2	Ghana	Kintampo	17	1	0	18	0.0277777777777778	0.999999999999986	1
2	Ghana	Kumasi	17	2	1	20	0.1	0.151767151767152	1
2	Philippines	all	5	16	13	34	0.617647058823529	0.999999999999977	1
2	Philippines	Rural_Sulawesi	2	7	7	16	0.65625	1.00000000000001	1
2	Philippines	Urban_Sulawesi	3	9	6	18	0.583333333333333	0.999999999999977	1
2	PuertoRico	all	23	4	2	29	0.137931034482759	0.0619672984297071	1
2	PuertoRico	Playa	12	2	2	16	0.1875	0.0488196761834143	1
2	PuertoRico	Ponce	11	2	0	13	0.0769230769230769	0.999999999999996	1
3	Thailand	all	0	0	18	18	1	1	1
3	Thailand	Bangkok	0	0	18	18	1	1	1
3	USA	all	30	60	32	122	0.508196721311475	0.857437830958788	1
3	USA	Clovis	8	8	0	16	0.25	0.512742553454456	1
3	USA	New_Orleans	5	8	2	15	0.4	1.00000000000001	1
3	USA	Miami	3	7	5	15	0.566666666666667	1.00000000000001	1
3	USA	Las_Cruces	2	7	9	18	0.694444444444444	0.627098892949823	1
3	USA	Roswell	4	8	7	19	0.578947368421053	0.642716043896092	1
3	USA	Coachella	4	12	3	19	0.473684210526316	0.378813121773894	1
3	USA	Los_Angeles	4	10	6	20	0.55	0.999999999999982	1
3	Angola	all	7	6	0	13	0.230769230769231	1.00000000000001	1
3	Angola	Cuanda	7	6	0	13	0.230769230769231	1.00000000000001	1
3	Vietnam	all	0	0	20	20	1	1	1
3	Vietnam	HoChiMin	0	0	20	20	1	1	1
3	SouthAfrica	all	11	0	0	11	0	1	1
3	SouthAfrica	Skukusa	11	0	0	11	0	1	1
3	Tahiti	all	0	0	9	9	1	1	1
3	Tahiti	Tahiti	0	0	9	9	1	1	1
3	Kenya	all	69	50	13	132	0.287878787878788	0.397147922420679	1
3	Kenya	Arabuko	15	3	0	18	0.0833333333333333	0.999999999999998	1
3	Kenya	Ganda	5	3	0	8	0.1875	0.999999999999997	1
3	Kenya	Kakamega	6	12	0	18	0.333333333333333	0.102054134223208	1
3	Kenya	KayaBomu	8	8	1	17	0.294117647058824	1.00000000000001	1
3	Kenya	Kwale	12	6	1	19	0.210526315789474	0.999999999999977	1
3	Kenya	Rabai_2017	14	2	1	17	0.117647058823529	0.178885630498534	1
3	Kenya	ShimbaHills	7	1	0	8	0.0625	1	1
3	Kenya	Virhembe	1	14	0	15	0.466666666666667	0.00173422060899376	0
3	Kenya	Rabai_2009	1	1	10	12	0.875	0.130434782608694	1
3	Uganda	all	10	16	0	26	0.307692307692308	0.0574008227669167	1
3	Uganda	Bundibugyo	2	5	0	7	0.357142857142857	0.44055944055944	1
3	Uganda	Kichwamba	4	4	0	8	0.25	0.999999999999999	1
3	Uganda	Entebbe	4	7	0	11	0.318181818181818	0.479876160990717	1
3	Brazil	all	18	69	115	202	0.74009900990099	0.141369275068012	1
3	Brazil	Jacobina	0	0	16	16	1	1	1
3	Brazil	Santarem	0	8	8	16	0.75	0.512742553454456	1
3	Brazil	Cuiaba	0	7	13	20	0.825	1	1
3	Brazil	Manaus	4	10	5	19	0.526315789473684	0.999999999999987	1
3	Brazil	Palmas	1	3	15	19	0.868421052631579	0.258687258687257	1
3	Brazil	Passo_Fundo	6	11	2	19	0.394736842105263	0.633145937929024	1
3	Brazil	Sao_Luiz	0	4	14	18	0.888888888888889	0.999999999999975	1
3	Brazil	Lagarto	0	2	18	20	0.95	1	1
3	Brazil	Maringa	5	10	3	18	0.444444444444444	0.999999999999986	1
3	Brazil	Patos_de_Minas	0	8	10	18	0.777777777777778	0.528850237637771	1
3	Brazil	Porto_Velho	2	6	11	19	0.736842105263158	0.549770014731079	1
3	SaudiArabia	all	0	0	31	31	1	1	1
3	SaudiArabia	Jeddah	0	0	16	16	1	1	1
3	SaudiArabia	Mecca	0	0	15	15	1	1	1
3	Colombia	all	0	6	0	6	0.5	0.090909090909091	1
3	Colombia	Cali	0	6	0	6	0.5	0.090909090909091	1
3	Gabon	all	36	6	0	42	0.0714285714285714	0.999999999999989	1
3	Gabon	Franceville	13	0	0	13	0	1	1
3	Gabon	Libreville	9	5	0	14	0.178571428571429	0.999999999999991	1
3	Gabon	Lope_village	14	1	0	15	0.0333333333333333	1	1
3	Cameroon	all	4	9	0	13	0.346153846153846	0.209153318077804	1
3	Cameroon	YAOMO	4	9	0	13	0.346153846153846	0.209153318077804	1
3	Pakistan	all	0	0	14	14	1	1	1
3	Pakistan	Pakistan	0	0	14	14	1	1	1
3	Argentina	all	2	10	0	12	0.416666666666667	0.0631309732130847	1
3	Argentina	El_Dorado	2	10	0	12	0.416666666666667	0.0631309732130847	1
3	Dominica	all	1	2	12	15	0.866666666666667	0.203065134099618	1
3	Dominica	North_Dominica	0	2	3	5	0.8	0.999999999999996	1
3	Dominica	Roseau	1	0	9	10	0.9	0.0526315789473686	1
3	Turkey	all	0	0	12	12	1	1	1
3	Turkey	Pazar	0	0	12	12	1	1	1
3	Trinidad	all	0	0	20	20	1	1	1
3	Trinidad	Trinidad	0	0	20	20	1	1	1
3	BurkinaFaso	all	28	8	0	36	0.111111111111111	0.999999999999988	1
3	BurkinaFaso	Ouaga	15	5	0	20	0.125	0.999999999999987	1
3	BurkinaFaso	Ouahigouya	13	3	0	16	0.09375	1.00000000000001	1
3	SriLanka	all	0	0	12	12	1	1	1
3	SriLanka	Jaffna	0	0	12	12	1	1	1
3	USVirginIslands	all	0	0	18	18	1	1	1
3	USVirginIslands	Croix	0	0	18	18	1	1	1
3	Taiwan	all	0	0	14	14	1	1	1
3	Taiwan	Taiwan	0	0	14	14	1	1	1
3	Nigeria	all	15	4	0	19	0.105263157894737	0.99999999999997	1
3	Nigeria	Awka	15	4	0	19	0.105263157894737	0.99999999999997	1
3	Senegal	all	68	27	6	101	0.193069306930693	0.194138534750423	1
3	Senegal	Bantata	10	1	0	11	0.0454545454545455	0.999999999999993	1
3	Senegal	Thies	4	9	1	14	0.392857142857143	0.319806763285025	1
3	Senegal	Kedougou	18	1	0	19	0.0263157894736842	0.999999999999986	1
3	Senegal	Mindin	17	3	0	20	0.075	0.999999999999968	1
3	Senegal	Ngoye	4	10	5	19	0.526315789473684	0.999999999999987	1
3	Senegal	PK10	15	3	0	18	0.0833333333333333	0.999999999999998	1
3	Ghana	all	26	14	0	40	0.175	0.575145639338717	1
3	Ghana	Boabeng	1	1	0	2	0.25	1	1
3	Ghana	Kintampo	12	6	0	18	0.166666666666667	0.99999999999998	1
3	Ghana	Kumasi	13	7	0	20	0.175	1	1
3	Philippines	all	0	0	34	34	1	1	1
3	Philippines	Rural_Sulawesi	0	0	16	16	1	1	1
3	Philippines	Urban_Sulawesi	0	0	18	18	1	1	1
3	PuertoRico	all	0	4	25	29	0.931034482758621	0.999999999999998	1
3	PuertoRico	Playa	0	0	16	16	1	1	1
3	PuertoRico	Ponce	0	4	9	13	0.846153846153846	1	1
4	Thailand	all	18	0	0	18	0	1	1
4	Thailand	Bangkok	18	0	0	18	0	1	1
4	USA	all	110	12	0	122	0.0491803278688525	0.999999999999505	1
4	USA	Clovis	16	0	0	16	0	1	1
4	USA	New_Orleans	14	1	0	15	0.0333333333333333	1	1
4	USA	Miami	12	3	0	15	0.1	1.00000000000001	1
4	USA	Las_Cruces	17	1	0	18	0.0277777777777778	0.999999999999986	1
4	USA	Roswell	17	2	0	19	0.0526315789473684	0.999999999999996	1
4	USA	Coachella	16	3	0	19	0.0789473684210526	0.99999999999999	1
4	USA	Los_Angeles	18	2	0	20	0.05	1	1
4	Angola	all	10	3	0	13	0.115384615384615	0.999999999999998	1
4	Angola	Cuanda	10	3	0	13	0.115384615384615	0.999999999999998	1
4	Vietnam	all	20	0	0	20	0	1	1
4	Vietnam	HoChiMin	20	0	0	20	0	1	1
4	SouthAfrica	all	0	0	11	11	1	1	1
4	SouthAfrica	Skukusa	0	0	11	11	1	1	1
4	Tahiti	all	9	0	0	9	0	1	1
4	Tahiti	Tahiti	9	0	0	9	0	1	1
4	Kenya	all	31	41	60	132	0.609848484848485	9.63364573303174e-05	0
4	Kenya	Arabuko	1	7	10	18	0.75	0.999999999999974	1
4	Kenya	Ganda	0	1	7	8	0.9375	1	1
4	Kenya	Kakamega	13	5	0	18	0.138888888888889	0.999999999999988	1
4	Kenya	KayaBomu	0	5	12	17	0.852941176470588	1	1
4	Kenya	Kwale	0	4	15	19	0.894736842105263	0.99999999999997	1
4	Kenya	Rabai_2017	0	7	10	17	0.794117647058823	1	1
4	Kenya	ShimbaHills	0	2	6	8	0.875	0.999999999999998	1
4	Kenya	Virhembe	12	3	0	15	0.1	1.00000000000001	1
4	Kenya	Rabai_2009	5	7	0	12	0.291666666666667	0.487414187643026	1
4	Uganda	all	22	4	0	26	0.0769230769230769	0.999999999999966	1
4	Uganda	Bundibugyo	7	0	0	7	0	1	1
4	Uganda	Kichwamba	4	4	0	8	0.25	0.999999999999999	1
4	Uganda	Entebbe	11	0	0	11	0	1	1
4	Brazil	all	201	1	0	202	0.00247524752475248	1	1
4	Brazil	Jacobina	16	0	0	16	0	1	1
4	Brazil	Santarem	16	0	0	16	0	1	1
4	Brazil	Cuiaba	20	0	0	20	0	1	1
4	Brazil	Manaus	19	0	0	19	0	1	1
4	Brazil	Palmas	19	0	0	19	0	1	1
4	Brazil	Passo_Fundo	19	0	0	19	0	1	1
4	Brazil	Sao_Luiz	18	0	0	18	0	1	1
4	Brazil	Lagarto	20	0	0	20	0	1	1
4	Brazil	Maringa	18	0	0	18	0	1	1
4	Brazil	Patos_de_Minas	18	0	0	18	0	1	1
4	Brazil	Porto_Velho	18	1	0	19	0.0263157894736842	0.999999999999986	1
4	SaudiArabia	all	31	0	0	31	0	1	1
4	SaudiArabia	Jeddah	16	0	0	16	0	1	1
4	SaudiArabia	Mecca	15	0	0	15	0	1	1
4	Colombia	all	6	0	0	6	0	1	1
4	Colombia	Cali	6	0	0	6	0	1	1
4	Gabon	all	33	9	0	42	0.107142857142857	0.999999999999991	1
4	Gabon	Franceville	8	5	0	13	0.192307692307692	0.999999999999999	1
4	Gabon	Libreville	12	2	0	14	0.0714285714285714	0.999999999999993	1
4	Gabon	Lope_village	13	2	0	15	0.0666666666666667	1.00000000000001	1
4	Cameroon	all	13	0	0	13	0	1	1
4	Cameroon	YAOMO	13	0	0	13	0	1	1
4	Pakistan	all	14	0	0	14	0	1	1
4	Pakistan	Pakistan	14	0	0	14	0	1	1
4	Argentina	all	12	0	0	12	0	1	1
4	Argentina	El_Dorado	12	0	0	12	0	1	1
4	Dominica	all	15	0	0	15	0	1	1
4	Dominica	North_Dominica	5	0	0	5	0	1	1
4	Dominica	Roseau	10	0	0	10	0	1	1
4	Turkey	all	12	0	0	12	0	1	1
4	Turkey	Pazar	12	0	0	12	0	1	1
4	Trinidad	all	20	0	0	20	0	1	1
4	Trinidad	Trinidad	20	0	0	20	0	1	1
4	BurkinaFaso	all	36	0	0	36	0	1	1
4	BurkinaFaso	Ouaga	20	0	0	20	0	1	1
4	BurkinaFaso	Ouahigouya	16	0	0	16	0	1	1
4	SriLanka	all	12	0	0	12	0	1	1
4	SriLanka	Jaffna	12	0	0	12	0	1	1
4	USVirginIslands	all	18	0	0	18	0	1	1
4	USVirginIslands	Croix	18	0	0	18	0	1	1
4	Taiwan	all	14	0	0	14	0	1	1
4	Taiwan	Taiwan	14	0	0	14	0	1	1
4	Nigeria	all	19	0	0	19	0	1	1
4	Nigeria	Awka	19	0	0	19	0	1	1
4	Senegal	all	101	0	0	101	0	1	1
4	Senegal	Bantata	11	0	0	11	0	1	1
4	Senegal	Thies	14	0	0	14	0	1	1
4	Senegal	Kedougou	19	0	0	19	0	1	1
4	Senegal	Mindin	20	0	0	20	0	1	1
4	Senegal	Ngoye	19	0	0	19	0	1	1
4	Senegal	PK10	18	0	0	18	0	1	1
4	Ghana	all	40	0	0	40	0	1	1
4	Ghana	Boabeng	2	0	0	2	0	1	1
4	Ghana	Kintampo	18	0	0	18	0	1	1
4	Ghana	Kumasi	20	0	0	20	0	1	1
4	Philippines	all	34	0	0	34	0	1	1
4	Philippines	Rural_Sulawesi	16	0	0	16	0	1	1
4	Philippines	Urban_Sulawesi	18	0	0	18	0	1	1
4	PuertoRico	all	29	0	0	29	0	1	1
4	PuertoRico	Playa	16	0	0	16	0	1	1
4	PuertoRico	Ponce	13	0	0	13	0	1	1
