639.0	864644.2408	1849452.0	0.08229894566244411
222000.0	1047379.3921	2045416.0	0.08385582428824341
344175.0	1229175.8655	2175049.0	0.08578179815098168
452735.0	1416337.1643	2359581.0	0.09115203870011042
614484.0	1607873.8205	2549483.0	0.09065380237611145
812307.0	1799339.3773	2724471.0	0.08866619240600097
1009342.0	1987164.77	2908530.0	0.07771338888341923
1193729.0	2178281.1415	3098285.0	0.06580504020261439
1414498.0	2366761.2079	3293342.0	0.06868005198715128
1624775.0	2555146.3281	3491403.0	0.06887005095210422
1849720.0	2738640.6815	3656560.0	0.0717948964953662
2045422.0	2916566.3879	3842379.0	0.07006492697256318
2175061.0	3099887.9711	4045413.0	0.06302565783017895
2359585.0	3286079.8062	4180934.0	0.06260690274440274
2549551.0	3465116.038	4326605.0	0.06459467514885969
2724479.0	3644177.0406	4544408.0	0.06389059908675275
2908564.0	3825539.7599	4689846.0	0.07376664546014264
3098292.0	4001497.3023	4838083.0	0.08389033688194558
3293358.0	4177618.0335	5052260.0	0.08738912328991803
3491428.0	4351863.6603	5188859.0	0.08560160725788513
3656570.0	4521359.8788	5360310.0	0.09282091227371496
3842383.0	4695878.2154	5585195.0	0.10296408000954431
4045501.0	4868806.0645	5749955.0	0.10909031221779322
4180985.0	5038636.2023	5903305.0	0.10867651777681352
4326623.0	5212129.8389	6064802.0	0.11601174793174683
4544418.0	5385107.321	6266081.0	0.12010721288644025
4689896.0	5557840.2958	6410776.0	0.11412647421944899
4838099.0	5735242.531	6633899.0	0.10673458155308345
5052317.0	5911683.2684	6806547.0	0.1047086156638392
5188920.0	6086941.1565	6940849.0	0.11911761324287301
5360535.0	6256101.5717	7021379.0	0.12335875941647616
5585303.0	6416745.8462	7146485.0	0.11463686910243973
5750203.0	6573051.0836	7304536.0	0.10802432435674368
5903344.0	6726949.2279	7441458.0	0.10383049848939034
6064896.0	6879877.7572	7563850.0	0.11790589692519006
6266085.0	7026807.2394	7722509.0	0.11597994702466731
6410785.0	7171307.0362	7867438.0	0.11660855375117542
6633910.0	7315647.8195	8068856.0	0.10987453014819037
6806554.0	7467105.6739	8308611.0	0.1071661901217369
6941157.0	7623483.2232	8538935.0	0.12038547904304539
7021424.0	7785017.7889	8652140.0	0.11770263629552545
7146501.0	7951013.2282	8832129.0	0.12100997224940542
7304550.0	8118704.2553	9006561.0	0.12803170879594633
7441476.0	8292521.4883	9186661.0	0.13348751805216805
7563862.0	8465545.1633	9275987.0	0.10388288039982631
7722575.0	8633469.0159	9368180.0	0.11481959403471449
7867439.0	8801124.4384	9563357.0	0.1146951348961988
8068908.0	8969789.9506	9782132.0	0.11713553295747396
8308780.0	9133226.8076	9932395.0	0.12282733755606033
8538977.0	9291979.8022	10111377.0	0.10254989712811768
8652225.0	9455288.891	10325557.0	0.08901316990609574
8832146.0	9620123.6655	10465686.0	0.08813640534939278
9006683.0	9785873.185	10680487.0	0.0880763729981889
9186668.0	9953608.7664	10881304.0	0.09285877715606368
9276063.0	10126688.7056	11075991.0	0.10066841522661929
9368214.0	10314561.2198	11311504.0	0.0910589567445496
9563391.0	10508928.376	11523759.0	0.08655115909945015
9782170.0	10705518.8697	11736220.0	0.08372891331161855
9932413.0	10900272.8101	11876203.0	0.09312043901121764
10111400.0	11092760.6935	12034289.0	0.0857023708458536
10325572.0	11280139.0238	12164784.0	0.08923418186354222
10465688.0	11466883.6191	12321494.0	0.08801919340181057
10680546.0	11653935.4654	12534214.0	0.0829430014247186
10881311.0	11842187.3426	12774796.0	0.0745283856360954
11076032.0	12033068.4419	12962372.0	0.06546017748474872
11311512.0	12216335.5008	13091777.0	0.06908518992242808
11523760.0	12393972.8572	13270020.0	0.080727545369517
11736225.0	12569977.9802	13496746.0	0.0888447192423556
11876216.0	12753784.9832	13781565.0	0.06546937279538087
12034303.0	12943762.4483	13927304.0	0.06420026096756469
12164790.0	13133004.1175	14054517.0	0.06150500578833071
12321498.0	13319310.2189	14181903.0	0.06217128221031462
12534222.0	13503103.9308	14347663.0	0.06317190838949967
12774801.0	13676385.7023	14422851.0	0.06671087714768129
12962470.0	13835022.7285	14515087.0	0.0721607207810748
13091810.0	13986721.9899	14575732.0	0.07596590348042205
13270078.0	14130247.828	14651217.0	0.07732659848238117
13496774.0	14260222.5102	14725668.0	0.0739049139243317
13781567.0	14371664.4747	14813219.0	0.07768349325749119
13927821.0	14470162.4602	14893178.0	0.08145721668688345
14054523.0	14569290.7244	15064642.0	0.08413907854749471
14181938.0	14671293.654	15225045.0	0.08635336348461892
14347801.0	14776168.85	15438137.0	0.09073989725819705
14422912.0	14890146.8171	15606652.0	0.09626127007406456
14515113.0	15014002.9811	15832863.0	0.10084274275396014
14575736.0	15147502.7296	15944240.0	0.09720609999244967
14651232.0	15292464.2133	16156228.0	0.09350679179659235
14725671.0	15448050.3585	16318834.0	0.09960104580195832
14813222.0	15609955.8499	16499521.0	0.10698380895480897
14893209.0	15787114.8952	16714864.0	0.10525937006406934
15064698.0	15964740.8223	16823639.0	0.11211114249543026
15225046.0	16140023.2423	16938670.0	0.1193926105027087
15438235.0	16306470.1187	17023014.0	0.12164977200133753
15606667.0	16462520.2165	17180407.0	0.1124275825822483
15833000.0	16616205.0006	17296105.0	0.11868023688190375
15944257.0	16764265.5178	17437173.0	0.16353366955574417
16156256.0	16915970.5715	17719852.0	0.1902046082258305
16318869.0	17068755.0854	17814208.0	0.19088384961559582
16500045.0	17219799.6093	17986203.0	0.1859627292260762
16714901.0	17370942.9045	18228008.0	0.1794025249490181
16823697.0	17527272.4168	18429358.0	0.18405775240544256
16938671.0	17691143.3984	18615243.0	0.176690859929881
17023097.0	17860647.0346	18752397.0	0.16415192585636607
17180451.0	18035792.1618	18953296.0	0.1606979708215545
17296108.0	18215905.0929	19155506.0	0.14778758198061223
17437542.0	18404165.9541	19372664.0	0.11955615398263146
17719909.0	18589480.9632	19537446.0	0.09512431083600129
17814223.0	18775524.069	19738605.0	0.09174595693671977
17986236.0	18972293.0635	19997533.0	0.08783730346484467
18228062.0	19163052.875	20066096.0	0.08816720669097018
18429365.0	19344595.564	20213413.0	0.08405469888599772
18615255.0	19517804.644	20345806.0	0.08384948395601279
18752461.0	19690801.616	20482852.0	0.09001504998045842
18953348.0	19861511.8145	20634993.0	0.09606077124637163
19155535.0	20026340.124	20742890.0	0.10082926029345857
19372707.0	20180053.6528	20821681.0	0.09686343118901702
19538382.0	20326882.5005	21045044.0	0.09583554930232514
19738606.0	20477505.375	21210808.0	0.08338798521411071
19997554.0	20619078.5249	21363949.0	0.08513025649784432
20066330.0	20757041.3477	21476579.0	0.08845479013302404
20213431.0	20898635.0242	21677645.0	0.0896651858462521
20345813.0	21049651.4917	21878102.0	0.09443027144798906
20482856.0	21204169.7586	22033494.0	0.10038229640410085
20635005.0	21361028.7376	22234693.0	0.1019746474500973
20742918.0	21519518.1275	22355127.0	0.09777982983762962
20821840.0	21682079.6046	22446629.0	0.10161056644768454
21045059.0	21842933.4536	22602922.0	0.10096861225776424
21210814.0	21995588.5683	22761635.0	0.10736575395215854
21363957.0	22156278.128	22975435.0	0.10061323399891671
21476590.0	22321098.3348	23154218.0	0.09666957270038243
21677756.0	22491720.3387	23320053.0	0.08956958395975384
21878137.0	22651163.5214	23414639.0	0.08690298127528569
22034663.0	22805092.3009	23585804.0	0.08665000857588535
22234723.0	22957378.4908	23690459.0	0.0868197782826955
22355165.0	23106503.2066	23844805.0	0.0867738537626269
22446633.0	23258507.3636	24007592.0	0.08354403210315853
22602924.0	23418196.8684	24203285.0	0.07822581452106264
22761636.0	23584433.1867	24434374.0	0.07699710298563962
22975450.0	23747164.0652	24595970.0	0.086232131613365
23162669.0	23912153.3825	24788236.0	0.08678789385747382
23320726.0	24075895.4913	25008422.0	0.0890332930791367
23414650.0	24250454.58	25256740.0	0.09696012124421585
23585817.0	24436838.2248	25440194.0	0.08348954261179024
23690462.0	24622259.2783	25560026.0	0.0739055232091535
23844806.0	24807250.986	25724008.0	0.07478158444081387
24007627.0	24997457.8725	25990221.0	0.07086877523704792
24203287.0	25194810.4213	26182438.0	0.06944916881658951
24434390.0	25392334.0247	26392570.0	0.0681942773116125
24596042.0	25590586.9059	26543133.0	0.06188372561936589
24788243.0	25780483.3723	26672568.0	0.060003670612032114
25008467.0	25964580.1955	26816484.0	0.06182914227145057
25256769.0	26139419.1887	26904043.0	0.04910545600864587
25440240.0	26300400.5892	27020681.0	0.04968948065464054
25560033.0	26459085.1263	27152638.0	0.04968533827691932
25724027.0	26623553.9878	27359193.0	0.04652871204183581
25990346.0	26783495.519	27516725.0	0.049174887415838975
26182516.0	26931922.4713	27612009.0	0.05278363766413313
26392611.0	27067157.0061	27709336.0	0.06785548055274435
26543186.0	27195147.8151	27864906.0	0.08056933960177937
26672694.0	27330402.2122	28050744.0	0.08488864744618957
26816511.0	27470474.1019	28202668.0	0.08223539443560633
26904046.0	27613085.7699	28394751.0	0.08139385945630721
27020686.0	27766877.1418	28591412.0	0.08849384163955543
27152650.0	27925853.0611	28745261.0	0.09627370330185224
27359220.0	28081231.0955	28874387.0	0.1017974022814663
27516747.0	28234041.4007	29040765.0	0.10864755217879077
27612464.0	28385244.8778	29116647.0	0.11529708829684986
27709345.0	28536527.7109	29219833.0	0.11563247838084646
27864919.0	28692183.3169	29458259.0	0.1002657431374681
28050770.0	28852922.8343	29667096.0	0.09406714902069181
28202769.0	29015007.0074	29830891.0	0.08801583243568942
28394762.0	29176488.1244	29990011.0	0.09027787928341652
28591451.0	29330959.2264	30120998.0	0.09529836591875114
28745290.0	29483769.6418	30242537.0	0.10055670653813732
28874390.0	29634733.1405	30409136.0	0.1049990111117404
29040766.0	29786977.9571	30534365.0	0.10806873106985988
29116648.0	29937961.1828	30653330.0	0.10399970018732188
29219845.0	30090708.7243	30739898.0	0.0868913287990741
29458364.0	30237211.7813	30856971.0	0.08936590038281057
29667138.0	30370420.5895	30963233.0	0.09272919261267466
29830896.0	30495491.4193	31046329.0	0.09513947678733256
29990034.0	30615287.5591	31198170.0	0.09419248532724979
30120999.0	30737855.6398	31335003.0	0.08599746574077712
30242544.0	30860174.7664	31504413.0	0.07229172890543145
30409177.0	30989590.5234	31684863.0	0.06315059641607967
30534392.0	31119902.089	31869764.0	0.0505947465958443
30653336.0	31255041.4224	31990523.0	0.04794964978165492
30739922.0	31393324.9722	32150694.0	0.05160045238291927
30856975.0	31536376.8485	32318630.0	0.04279765835275721
30963254.0	31687251.0971	32486724.0	0.042343342701241835
31046439.0	31841401.5554	32608435.0	0.046144398548421395
31198334.0	31996680.0275	32692469.0	0.04782383189867692
31335179.0	32143953.1986	32842139.0	0.04725498531280106
31504474.0	32298723.4297	33085250.0	0.04935063866405299
31684941.0	32452265.1084	33218835.0	0.05353884529305551
31869773.0	32603980.7147	33404346.0	0.05970078468713528
31990542.0	32758805.5745	33600305.0	0.056825478798668734
32150697.0	32923529.0076	33906839.0	0.05619741402910113
32318647.0	33105980.7143	34232405.0	0.05827225216919379
32486771.0	33302103.236	34500231.0	0.05880886388578892
32608624.0	33514825.6185	34836564.0	0.05810069064724634
32692511.0	33745407.2026	35064305.0	0.06363782711078522
32842253.0	33988702.8947	35290936.0	0.0652857240452315
33085316.0	34230537.4605	35496017.0	0.061869491991297924
33218865.0	34473052.2295	35646342.0	0.06165239694631736
33404366.0	34713779.0138	35770703.0	0.0599124344006715
33600335.0	34949315.3517	35950888.0	0.05906249502536807
33906841.0	35177737.9795	36052377.0	0.057809977304507994
34232410.0	35388210.9218	36248261.0	0.059038522114673
34500246.0	35587511.7125	36487608.0	0.0612691212130527
34836572.0	35777172.3885	36657853.0	0.058036555101697175
35064349.0	35957444.8423	36866524.0	0.054431968089320895
35290942.0	36135011.0231	37044639.0	0.055133936301723606
35496024.0	36308908.4493	37219166.0	0.0586714424188767
35646350.0	36478061.0673	37363112.0	0.06658200819850611
35770763.0	36650120.7239	37549428.0	0.07124663030432644
35951284.0	36829889.5201	37734476.0	0.07766582344163254
36052430.0	37008409.2114	37845162.0	0.09577191001129895
36248337.0	37181037.4806	37895537.0	0.09257349356930267
36487618.0	37339612.0392	38030210.0	0.08507728077338247
36657858.0	37490748.829	38129239.0	0.09085116568472147
36866550.0	37632929.5011	38259194.0	0.09322689707439828
37044644.0	37769560.9923	38378341.0	0.09352605137071086
37219541.0	37901321.5723	38532476.0	0.0995308860883627
37363121.0	38032922.11	38647705.0	0.09994391302936452
37549499.0	38159003.0256	38749090.0	0.09714341728763512
37734479.0	38274225.4471	38833172.0	0.09415017055920588
37845590.0	38383947.55	38952803.0	0.08377104554718932
37895538.0	38495621.4352	39041276.0	0.08513635128262441
38030217.0	38610786.7172	39206633.0	0.08866150084438751
38129263.0	38731131.0134	39376117.0	0.08733080302141606
38259356.0	38860137.9689	39576671.0	0.08226331619788739
38378357.0	38993049.3364	39760100.0	0.07904873152230303
38532535.0	39132075.0632	39909872.0	0.07145577046563291
38647706.0	39275862.0874	40153005.0	0.05924417739768696
38749176.0	39428605.7768	40298998.0	0.05384711382923172
38833238.0	39585895.9482	40449195.0	0.06824853122125382
38952813.0	39750344.6465	40663189.0	0.06740615624293005
39041334.0	39927205.335	40862993.0	0.07224082195476796
39206687.0	40109562.5443	41021015.0	0.0774266539230918
39376119.0	40296380.8273	41268346.0	0.07400364158738022
39576684.0	40486780.6838	41501497.0	0.07501700130251315
39760108.0	40681340.3122	41692943.0	0.07509936865063639
39909981.0	40874772.7685	41863283.0	0.07438256880849935
40153013.0	41067082.6548	42019042.0	0.07825074262222365
40299007.0	41258635.7156	42218485.0	0.09115656331163596
40449272.0	41450677.5114	42359345.0	0.08706859492682781
40663256.0	41641007.2428	42494844.0	0.08141696882142525
40863090.0	41822008.538	42623419.0	0.07208259677170249
41021081.0	41996148.5311	42716079.0	0.06901148269124621
41268357.0	42156278.6121	42809140.0	0.07357344711894903
41501562.0	42306642.0917	42969968.0	0.09004631399060878
41692950.0	42452808.9884	43128910.0	0.0977876521608506
41863296.0	42592205.3347	43200009.0	0.10205726483300089
42019055.0	42722200.8374	43309356.0	0.10221970159635083
42218490.0	42850870.6936	43537852.0	0.09452037381503453
42359456.0	42982416.8318	43680099.0	0.09104982925436585
42494872.0	43115278.8262	43863584.0	0.09552791384083235
42623446.0	43253336.7141	44037332.0	0.09965620253862996
42716093.0	43398573.1342	44211945.0	0.10879052887683184
42809144.0	43551910.6776	44394384.0	0.10786377510021215
42969975.0	43712366.898	44572335.0	0.08853698165736466
43128976.0	43871150.9981	44737345.0	0.08322811818537844
43200018.0	44034524.5167	44847842.0	0.0817974299038288
43309396.0	44198587.0057	44935989.0	0.07925291782851698
43537864.0	44356144.4438	45050759.0	0.07889859451946114
43680109.0	44511911.7447	45272592.0	0.0756447138658078
43863606.0	44669357.9781	45408828.0	0.07585796277712499
44037342.0	44824052.0888	45601068.0	0.0801277622035271
44211946.0	44980830.6303	45797589.0	0.06869351048094668
44394401.0	45142181.8477	45997631.0	0.06610008690841614
44572381.0	45300726.7411	46170787.0	0.06825181708877616
44737396.0	45460629.8549	46354037.0	0.06407239111130696
44847851.0	45628825.1824	46597865.0	0.061047807527888465
44936015.0	45809512.1824	46790552.0	0.058005492627790624
45050784.0	45999691.0052	46992584.0	0.0547205331306483
45272593.0	46187337.3532	47101068.0	0.05432336943943339
45408918.0	46373233.7232	47286460.0	0.053454945009642346
45601076.0	46562065.2721	47510008.0	0.05333610248106446
45797601.0	46754340.0407	47710390.0	0.054839720615108264
45997673.0	46943907.4039	47887887.0	0.050522914497359586
46170821.0	47134835.0163	48076525.0	0.0460565873563397
46354062.0	47325803.5732	48241484.0	0.04679227312514326
46597868.0	47514545.2286	48484188.0	0.04898777073740466
46790555.0	47702681.5127	48660945.0	0.05071271165648748
46992586.0	47892179.506	48916119.0	0.05397348324957206
47101080.0	48090007.8679	49087860.0	0.05817365313388914
47286492.0	48287673.0002	49253746.0	0.06244735807906845
47510043.0	48482588.8914	49400586.0	0.060475511281379346
47710400.0	48668778.0708	49532615.0	0.05903437737263442
47888005.0	48848692.738	49657936.0	0.06575148890209245
48076683.0	49022361.4735	49784777.0	0.07042919658352133
48241490.0	49192879.9707	49931886.0	0.06747743772179023
48484231.0	49357317.9014	50103061.0	0.06430701178319782
48660947.0	49530464.9753	50514025.0	0.06549256850180478
48916167.0	49708969.6738	50628848.0	0.06287496939186353
49087989.0	49878317.8424	50794034.0	0.05611261098355496
49253857.0	50052272.1085	50996870.0	0.05631524160938121
49400593.0	50225601.9189	51138827.0	0.05453046823620568
49532620.0	50399446.5435	51282984.0	0.05523315987256705
49657979.0	50575837.8991	51443509.0	0.05833237122949944
49785681.0	50758109.9089	51649335.0	0.05385292737041817
49931950.0	50948654.2102	51865467.0	0.05977520515309862
50103090.0	51140245.3155	51981448.0	0.07268582687077685
50514026.0	51313634.3578	52119547.0	0.07559809276619563
50628903.0	51473687.0928	52265466.0	0.08611194769565637
50794041.0	51636988.3382	52415619.0	0.0883420132062792
50996873.0	51792300.8298	52525598.0	0.09661935794962262
51138850.0	51949333.7399	52753944.0	0.09021666730437035
51283004.0	52110735.7202	52890384.0	0.08784091369583168
51443592.0	52269696.6623	53029026.0	0.08468142500276797
51649337.0	52423534.006	53127896.0	0.08361676175735885
51865477.0	52565330.5548	53252608.0	0.07787281363368465
51981480.0	52706094.2297	53424591.0	0.06891703455495435
52119556.0	52850552.611	53572537.0	0.06362943117595815
52265532.0	53000869.9277	53780557.0	0.055314110317913105
52415625.0	53149936.5701	53878739.0	0.05723940178112751
52525767.0	53296768.907	54026402.0	0.04654195247257077
52755459.0	53447802.9904	54253113.0	0.0455210687870799
52890386.0	53602265.1439	54441204.0	0.04476172578241998
53029050.0	53761023.4891	54624761.0	0.04386241042854092
53127897.0	53926730.8638	54849408.0	0.05220041631769238
53252620.0	54101966.1091	55027337.0	0.05378125756004817
53424592.0	54280836.1904	55197917.0	0.060900117543988386
53572560.0	54461281.4728	55393004.0	0.06193881487915834
53780741.0	54642934.5639	55614808.0	0.05794712579867165
53878748.0	54829928.2323	55799629.0	0.055650347261425086
54026434.0	55025183.0013	55983142.0	0.06007332575950104
54253175.0	55215465.4274	56144419.0	0.06443098466015178
54441469.0	55402302.2003	56326582.0	0.06617711991967813
54624776.0	55597300.5304	56638990.0	0.06877847008463987
54849421.0	55796868.4294	56809230.0	0.05912358522769907
55027370.0	55994576.1679	57017503.0	0.05706962110810616
55197919.0	56195245.236	57229282.0	0.04514405130154251
55393005.0	56398273.8808	57405098.0	0.04404503606729388
55614849.0	56600496.7338	57660513.0	0.05517055658519859
55799634.0	56806987.5261	57891127.0	0.05680979563889856
55983149.0	57017488.4622	58082928.0	0.04918846088522924
56144425.0	57230413.2331	58277285.0	0.044742213934601344
56326584.0	57444483.806	58464876.0	0.04566553984325698
56638999.0	57650393.7414	58626795.0	0.044261311500987374
56809231.0	57848047.0687	58799871.0	0.040930696035068326
57017508.0	58043815.5899	58958973.0	0.04478284815000282
57229338.0	58236047.4731	59146627.0	0.050896636774515065
57405116.0	58426430.3195	59284541.0	0.04919845818465104
57660548.0	58611126.4729	59474010.0	0.04422743939515312
57891130.0	58791338.2866	59672884.0	0.054298356393234784
58082955.0	58967984.7133	59846907.0	0.06662110191452665
58277307.0	59143089.2696	60020650.0	0.07614852571957342
58464931.0	59314908.6168	60181991.0	0.0707174110835766
58626803.0	59484471.0354	60314631.0	0.07127846435294057
58799928.0	59652034.1459	60443302.0	0.07296542071511734
58958975.0	59816487.7636	60610509.0	0.07270817237755117
59146634.0	59982719.999	60823329.0	0.07387624584192744
59284563.0	60154071.8751	61010866.0	0.08486513257559737
59474150.0	60326467.9257	61177506.0	0.08139298068920175
59672896.0	60497988.757	61409569.0	0.07089286097671527
59846984.0	60670319.9926	61569552.0	0.057106287127091385
60020676.0	60844352.7185	61793239.0	0.04565422310094378
60182093.0	61027758.0246	62010788.0	0.05436883156030088
60314633.0	61208839.5396	62106139.0	0.057977862389979776
60443326.0	61385634.8979	62205252.0	0.06359821361846939
60613427.0	61560078.8319	62324586.0	0.06690904003521651
60823333.0	61729855.2891	62493582.0	0.06846986561174784
61010869.0	61894814.9425	62648802.0	0.06277947060416318
61177718.0	62059709.102	62807955.0	0.06998626769630484
61409594.0	62218663.3541	62959893.0	0.07179153938296373
61569556.0	62376510.7768	63173368.0	0.08312360343549129
61793274.0	62536313.1115	63360655.0	0.09208588928275514
62010801.0	62688309.3394	63522375.0	0.08494299504081541
62106145.0	62844915.4463	63690203.0	0.08673518757971127
62205253.0	63003120.2383	63779827.0	0.08086230690839737
62324597.0	63161570.5891	63907254.0	0.07725343478384437
62493749.0	63321910.3341	64123288.0	0.07457799889813319
62648818.0	63484013.7583	64280496.0	0.07598713660124529
62807968.0	63649771.848	64524169.0	0.0755094410142903
62959915.0	63822712.0991	64688945.0	0.07399526061389027
63173375.0	63993742.7389	64843831.0	0.06522228061610386
63360683.0	64159465.8954	65020743.0	0.06335600502237101
63522404.0	64321252.4086	65125074.0	0.07434899029705447
63690362.0	64479812.2017	65330394.0	0.07260213427478895
63779933.0	64647019.5088	65493364.0	0.07458365222631895
63907263.0	64820954.1939	65672382.0	0.07927013540598501
64123295.0	64995847.6779	65856069.0	0.08380167689447311
64280615.0	65169541.6153	65995775.0	0.08149864558813714
64524194.0	65334759.841	66120341.0	0.08088853377438358
64688970.0	65497433.601	66322194.0	0.0934950109853128
64843832.0	65662344.6827	66497940.0	0.10058669971407275
65020799.0	65831307.6	66769778.0	0.11435309239611655
65125076.0	66010859.1009	66958035.0	0.13422438767073294
65330415.0	66194749.1008	67154836.0	0.15020618301800645
65493477.0	66378423.4568	67321962.0	0.16093758424200835
65672475.0	66560951.8615	67510089.0	0.16580591296814054
65856093.0	66747688.042	67741599.0	0.1625263910897439
65995783.0	66935612.8588	67902831.0	0.16297987241609177
66120347.0	67128905.1861	68081554.0	0.16194125269254458
66322252.0	67325768.2993	68269972.0	0.1479612267279784
66498126.0	67514671.2918	68353867.0	0.14126403242119415
66769800.0	67694735.1057	68477385.0	0.11861292995045977
66958058.0	67860937.8838	68579748.0	0.08862063181040107
67154910.0	68023060.0655	68767641.0	0.06650192571532446
67321967.0	68185301.3554	68961004.0	0.06065772906284759
67510092.0	68351276.0098	69187662.0	0.057987096943644734
67741684.0	68518875.4049	69430828.0	0.06403657153789007
67902950.0	68689627.0936	69614877.0	0.07267074201605891
68081566.0	68858127.6973	69729704.0	0.07410922512119704
68270033.0	69017213.2333	69838787.0	0.07603935662190434
68353888.0	69174638.6656	69942676.0	0.08537192131733283
68477425.0	69340807.6573	70173872.0	0.09426973276789773
68579754.0	69512124.5271	70297635.0	0.10234823775466073
68769608.0	69682075.9942	70439719.0	0.11000926563744912
68961054.0	69849553.9611	70597358.0	0.11063727450146589
69187769.0	70010858.1884	70779529.0	0.10514465229474239
69431002.0	70168079.4337	70991975.0	0.09402862618878342
69614947.0	70323519.0571	71160064.0	0.086012104391074
69729740.0	70483242.5486	71353297.0	0.08038039465633778
69838807.0	70649638.3923	71546247.0	0.07835570215611205
69942751.0	70826790.3636	71740522.0	0.07301030649031015
70174080.0	71000558.2269	71922936.0	0.06778455221276128
70297654.0	71175867.7633	72069535.0	0.07092210759340571
70439734.0	71353577.0488	72240619.0	0.06912891682664182
70597491.0	71530045.8675	72397928.0	0.06575637058338
70779610.0	71711039.0913	72578331.0	0.06611590649340139
70992395.0	71892798.159	72813221.0	0.06730054026971248
71160108.0	72077049.9245	73026087.0	0.07092265599175562
71353346.0	72257912.4622	73152883.0	0.07319924986178408
71546270.0	72446234.8539	73502704.0	0.07689048439876943
71740565.0	72638511.4626	73666439.0	0.08117924874234089
71922972.0	72833527.8974	73867757.0	0.08343165047747367
72069540.0	73029662.9701	74051102.0	0.07210133224343128
72240725.0	73230406.4412	74234068.0	0.06895071006478778
72397938.0	73430642.4333	74390724.0	0.0795276351257265
72578367.0	73630016.0296	74560424.0	0.08162202051210662
72813230.0	73825328.7152	74748616.0	0.0817523060818845
73026115.0	74013644.8554	74885066.0	0.08364064712028488
73152895.0	74205433.1897	75094006.0	0.08942042240630296
73502711.0	74389059.4603	75245486.0	0.09753114671771561
73667133.0	74564068.6853	75434787.0	0.10593863463128382
73867819.0	74737513.9325	75591498.0	0.12801398232960176
74051634.0	74908238.607	75777187.0	0.14247577902990913
74234071.0	75078314.1687	75921058.0	0.15042303216910144
74390943.0	75249218.2968	76098766.0	0.1644869388923468
74560436.0	75420532.7054	76291103.0	0.18178612535436875
74748635.0	75593948.4882	76500893.0	0.1899697330729279
74891574.0	75770019.1815	76639006.0	0.1912975449745799
75094413.0	75943675.5882	76833240.0	0.19174737955447313
75245582.0	76121356.0221	77055743.0	0.18950609306708976
75434798.0	76302468.9686	77236709.0	0.171284968698935
75591500.0	76483809.4468	77406567.0	0.14354748841284976
75777188.0	76665722.649	77571095.0	0.13441315716447894
75921070.0	76848072.4247	77795898.0	0.12294847736903072
76098789.0	77032320.4734	77930888.0	0.08928438770030232
76291260.0	77215994.1015	78164407.0	0.07257417557444855
76500937.0	77407676.5444	78407377.0	0.0815705773904668
76639040.0	77598278.7943	78580864.0	0.07256258702482281
76833300.0	77792227.4069	78781768.0	0.0706822084086589
77055756.0	77982870.1799	78950833.0	0.06659975083324658
77236721.0	78170850.7009	79086454.0	0.07098952329181121
77406596.0	78354223.8884	79200454.0	0.07896312601150915
77571116.0	78531867.2356	79324871.0	0.0858185376658638
77795911.0	78701662.2787	79438119.0	0.1011803600394887
77930899.0	78868690.6154	79630480.0	0.11125090363862822
78164427.0	79038759.6625	79849690.0	0.11776451301798628
78407413.0	79198937.8312	79972117.0	0.11520552937635507
78580878.0	79356997.4509	80162086.0	0.12402811040825014
78782053.0	79516771.9545	80350176.0	0.1466567607320612
78950834.0	79674612.406	80507263.0	0.1661762164066427
79086465.0	79835492.0387	80715128.0	0.1717014648509655
79200467.0	79995957.1489	80822682.0	0.18668777020845323
79325015.0	80163729.7661	81015303.0	0.2084516337808407
79438224.0	80336899.804	81204379.0	0.2020690220340264
79630483.0	80511774.4613	81343106.0	0.17603963997475555
79849696.0	80682543.0302	81568998.0	0.1647336081390635
79972128.0	80858264.2814	81751915.0	0.1606796842024432
80162094.0	81034446.564	81877463.0	0.1728995697289877
80350199.0	81201880.2203	81996866.0	0.16663262721347077
80507272.0	81366034.4374	82158998.0	0.16378397868162972
80715252.0	81527572.1736	82354133.0	0.15843744685544248
80822947.0	81699819.1045	82576644.0	0.14840943593420083
81015340.0	81872582.1023	82751205.0	0.13315208281665952
81204440.0	82050178.2126	82988451.0	0.12186498904746575
81343116.0	82228293.0882	83154305.0	0.12577696909027913
81569016.0	82405704.4651	83301883.0	0.12476265290422572
81751963.0	82577715.6004	83478413.0	0.11641481649224225
81877483.0	82750476.128	83630962.0	0.10130239907452555
81996929.0	82927851.8124	83807032.0	0.09255520819138995
82159147.0	83104759.5757	83890053.0	0.09082783736805115
82354155.0	83279232.4834	84102247.0	0.08917615735972316
82576698.0	83449365.8871	84238801.0	0.08577745924079448
82751206.0	83613300.7474	84348525.0	0.07819769116949034
82988484.0	83767036.5325	84496271.0	0.08104772501693555
83154326.0	83916836.0907	84600776.0	0.07989504291605196
83302051.0	84064017.3784	84783297.0	0.07908822508420736
83478430.0	84214937.3898	84961945.0	0.08240323512752637
83631097.0	84363461.1995	85095144.0	0.08875384754740227
83807135.0	84511346.6827	85304197.0	0.0838167474761368
83890121.0	84665290.5214	85468799.0	0.08163193522908463
84102263.0	84823982.5621	85662994.0	0.0861328850911552
84238854.0	84984789.4904	85933698.0	0.09309398110004018
84348527.0	85162013.1054	86245745.0	0.10273887920337332
84496277.0	85353705.1903	86418496.0	0.10451972480995989
84600794.0	85546082.0457	86554472.0	0.1092039835883096
84783303.0	85739621.567	86678126.0	0.11501520289838997
84961948.0	85923404.1337	86786436.0	0.12849429760109407
85095153.0	86106073.1869	86945624.0	0.13291506319990742
85304267.0	86289623.9666	87119489.0	0.14448314655215294
85468818.0	86473280.189	87296557.0	0.15005353947080796
85663038.0	86650933.9813	87441375.0	0.16316122988031845
85933714.0	86825398.0783	87598344.0	0.16313527765284497
86245887.0	86985992.2396	87768896.0	0.16708291308381887
86418561.0	87137214.1888	87955109.0	0.17021909842497795
86554693.0	87295474.6035	88175862.0	0.17450163038787922
86678138.0	87456061.3573	88278500.0	0.17597681238724602
86786495.0	87619115.4552	88465114.0	0.16095083981510253
86945670.0	87786875.0573	88609787.0	0.16381169288719702
87119507.0	87952546.3149	88772105.0	0.16865469762901378
87296563.0	88115240.3735	88939962.0	0.16989293975788938
87441429.0	88280095.5465	89044557.0	0.18293348688095296
87598408.0	88439778.9739	89228151.0	0.18714889323215092
87770124.0	88605500.8602	89429614.0	0.19443058556203313
87957165.0	88769897.9103	89575832.0	0.22158029348595382
88175880.0	88927953.8438	89721275.0	0.23500860025099898
88278507.0	89085768.8579	89888686.0	0.24307656772745548
88465201.0	89247321.1349	90066150.0	0.2599861871024176
88609791.0	89410455.5759	90249019.0	0.2699545137642024
88772256.0	89574206.0447	90395727.0	0.26815659269240366
88939968.0	89740434.4564	90603897.0	0.26766744787533214
89045273.0	89906394.5612	90733099.0	0.2529456313211733
89228153.0	90070948.3856	90838177.0	0.2570594112710786
89429676.0	90227650.5044	90956962.0	0.23721135632091137
89575946.0	90384264.7912	91166960.0	0.2102069069469072
89721340.0	90544013.563	91335698.0	0.21875289924011385
89888735.0	90711707.2033	91658355.0	0.20622202663408823
90066200.0	90890183.442	91889365.0	0.1952887604044443
90249068.0	91071902.2126	92079772.0	0.17897686243257352
90395809.0	91257351.2905	92308769.0	0.17169967583679002
90603942.0	91445918.4999	92453933.0	0.174823976346604
90733286.0	91632336.2983	92592861.0	0.17055989893347548
90838216.0	91821527.3564	92725134.0	0.16257658843461548
90956970.0	92013737.9345	92926035.0	0.16249024353146835
91167084.0	92213684.8961	93154955.0	0.16145167210723793
91335707.0	92413616.1042	93314028.0	0.1552278764421696
91658381.0	92605845.2643	93508051.0	0.15845628221282848
91889587.0	92789738.0491	93677335.0	0.16857680284142493
92079798.0	92965332.5434	93814780.0	0.16923418142875885
92309032.0	93137897.0668	93994606.0	0.16872884348986952
92453941.0	93305086.0253	94152403.0	0.15782495974247862
92592870.0	93474414.4299	94280268.0	0.15612425636296798
92725152.0	93640946.6044	94400484.0	0.1620012018551456
92926443.0	93804255.2798	94522899.0	0.1551523341419391
93154984.0	93958074.3369	94700068.0	0.14266278834824983
93314029.0	94112531.6584	94860700.0	0.1263524681335053
93508056.0	94267160.2418	95073967.0	0.11785091974219815
93677346.0	94424202.8459	95255559.0	0.1032071896341757
93814805.0	94580468.5961	95361119.0	0.11668917731904681
93994607.0	94735294.7423	95589732.0	0.11044985101069071
94152495.0	94895162.7478	95734205.0	0.1182082277253824
94281979.0	95054568.6864	95882983.0	0.10671692171396738
94400486.0	95216266.459	96037304.0	0.09527636449568762
94522949.0	95383507.4604	96211492.0	0.095315722943439
94700080.0	95551889.4268	96383883.0	0.09843813582020362
94860967.0	95726512.4176	96644471.0	0.09494368191541257
95073969.0	95901391.3665	96770051.0	0.08951309355536462
95255590.0	96066501.0978	96879404.0	0.08656012285446534
95361141.0	96229711.5148	96994219.0	0.0669084487447158
95589747.0	96389185.4318	97114521.0	0.06253076538875858
95734253.0	96537734.7326	97200202.0	0.05418453621050573
95883030.0	96682829.6175	97356999.0	0.051144648081240696
96037352.0	96831894.8494	97528886.0	0.05347422574090212
96211498.0	96979575.8503	97678362.0	0.05696432184269151
96383914.0	97129041.0174	97866689.0	0.05835233838632736
96644483.0	97269533.2433	98012403.0	0.058911992616265306
96770066.0	97410293.9456	98206470.0	0.06017044868480661
96879407.0	97559472.0591	98401521.0	0.05914637172971339
96994249.0	97715058.0329	98589630.0	0.05951959023421862
97114551.0	97878767.0242	98780192.0	0.06425675093648844
97200212.0	98049341.0689	98944734.0	0.06565287036968052
97357097.0	98227752.1207	99129436.0	0.06749245441586901
97528888.0	98401627.251	99245142.0	0.06858264890498769
97678445.0	98575176.6293	99442116.0	0.07207919466630518
97866705.0	98749961.2696	99610723.0	0.08551098638872023
98012466.0	98927378.4356	99832203.0	0.08305765261804031
98206524.0	99106763.0102	100000213.0	0.08294542700455244
98401568.0	99285674.0291	100185528.0	0.07880899714345946
98589634.0	99464896.7229	100368116.0	0.07611165044978803
98780201.0	99643350.0822	100555543.0	0.08276787687168108
98944760.0	99823312.3819	100769384.0	0.08572479552766611
99129442.0	100002241.0562	100903942.0	0.08847115228323446
99245281.0	100187565.8217	101171766.0	0.1077358676010158
99442123.0	100378590.4031	101327837.0	0.13864048621226185
99610728.0	100566671.7303	101490974.0	0.13437459081462305
99832212.0	100756610.5291	101693478.0	0.13935310883180196
100000339.0	100942086.0193	101817792.0	0.15702613010008706
100185581.0	101122022.9355	101970713.0	0.16784961605510415
100368254.0	101296261.7827	102104075.0	0.16431101409533275
100555613.0	101464733.9045	102205488.0	0.15804785113299105
100770097.0	101629618.9139	102433368.0	0.15798215617774827
100904031.0	101798799.0301	102618259.0	0.15630700454709082
101171796.0	101963236.2995	102731371.0	0.14016323900337396
101327886.0	102116478.0774	102829209.0	0.1074226893964219
101492421.0	102269299.6614	103070065.0	0.10349120666432202
101693533.0	102424117.5466	103256695.0	0.09837624800289581
101817796.0	102579025.9861	103372125.0	0.08492770804751537
101970715.0	102732584.1813	103490264.0	0.0813571938919456
102104834.0	102887405.5615	103690805.0	0.09308045510840939
102205593.0	103050897.7272	103888161.0	0.09631710244548986
102433369.0	103222695.0025	104122831.0	0.10083004717125929
102620644.0	103394055.7083	104340432.0	0.10160760583808995
102731431.0	103574276.9835	104617545.0	0.09739875319058273
102829218.0	103767222.5602	104807258.0	0.08888716567379684
103070601.0	103961910.2921	104969554.0	0.08022069121114642
103256697.0	104154732.9917	105186701.0	0.08266521927827974
103372141.0	104349948.3429	105332286.0	0.07926419210191452
103490323.0	104548285.3812	105500520.0	0.07546176821685278
103690871.0	104749902.8535	105704485.0	0.06924537986647374
103888318.0	104952740.3242	105931068.0	0.06563495076713677
104122866.0	105150987.4782	106082109.0	0.05927752566088563
104340466.0	105343712.8364	106251108.0	0.058346036577516504
104617556.0	105529438.8041	106420020.0	0.055677634543946815
104807277.0	105708888.277	106603945.0	0.05969272045613424
104969557.0	105889446.0592	106771378.0	0.05920011839143849
105186794.0	106065177.0932	106920343.0	0.05491328162361835
105332485.0	106240694.7141	107129271.0	0.06314208274356155
105500951.0	106424043.6328	107405543.0	0.06296871532314395
105711525.0	106612648.4174	107549377.0	0.06622418026804106
105931104.0	106799351.6341	107805438.0	0.06071167873887642
106082625.0	106988901.0397	108019829.0	0.05864348892440287
106251375.0	107183408.2899	108237099.0	0.06262142378563146
106420111.0	107383807.6047	108439676.0	0.06657602483326894
106603957.0	107585927.8029	108626435.0	0.06318942906086204
106771387.0	107791089.5809	108886945.0	0.06789097228139031
106920348.0	108006107.167	109087165.0	0.06866098380249008
107129280.0	108225446.7298	109310607.0	0.059669693893541445
107405733.0	108439973.2803	109505303.0	0.05834198364899582
107549422.0	108649151.9492	109642548.0	0.0593264168757083
107805451.0	108851365.7952	109802368.0	0.0728423867494069
108020220.0	109050237.6142	109997737.0	0.07863212436569755
108237240.0	109245755.4844	110141427.0	0.08997757882415147
108439728.0	109435262.5702	110322011.0	0.08826307082870978
108626443.0	109622095.6213	110517144.0	0.09068884014640657
108888068.0	109812929.2049	110753188.0	0.10136698797466115
109087252.0	110000114.3921	110981035.0	0.11150831095936865
109310676.0	110187759.6131	111189174.0	0.11122381112519399
109505316.0	110373410.8104	111347078.0	0.11834540317862792
109642559.0	110563948.2922	111580606.0	0.10997880807741843
109802408.0	110763297.5071	111803727.0	0.09906053126653586
109997742.0	110964117.5156	111991760.0	0.0993121915950099
110141455.0	111162310.4251	112124237.0	0.0830406719459973
110322034.0	111359254.1962	112302380.0	0.0811945329249851
110517166.0	111560633.2102	112503808.0	0.07804926385595833
110753202.0	111753826.1638	112657674.0	0.07936441893466474
110981062.0	111942815.7166	112867687.0	0.08874586789061274
111189212.0	112132958.8408	113094132.0	0.09335975548089381
111347091.0	112324601.2162	113258760.0	0.08631260116263313
111580736.0	112512102.0028	113453830.0	0.09005156461801289
111803803.0	112698435.5832	113663547.0	0.0991024207743731
111991772.0	112884341.4208	113868790.0	0.09992169351196006
112124243.0	113074590.917	114026292.0	0.10353110972899306
112302432.0	113267468.5874	114276815.0	0.10321383345482217
112503840.0	113460886.2255	114423065.0	0.10967057958352766
112657707.0	113652619.91	114557100.0	0.10646044925828994
112868492.0	113841615.5287	114734235.0	0.09506469607071583
113094165.0	114026121.8342	114917365.0	0.09936039726059553
113258829.0	114209312.5027	115104552.0	0.11276013298466975
113453858.0	114397396.2727	115330007.0	0.1210874826162678
113663562.0	114584631.386	115577677.0	0.12785570596219428
113868816.0	114773160.0655	115709802.0	0.12907643085583198
114026326.0	114956110.4025	115865270.0	0.12869499125791697
114276944.0	115140080.45	116102667.0	0.13630368095566592
114423248.0	115325581.7829	116278532.0	0.13219758828501846
114557113.0	115517030.5614	116547911.0	0.1320856839475597
114734274.0	115717194.2592	116767270.0	0.1295445356705198
114923046.0	115922105.202	116972578.0	0.12202448065166954
115104579.0	116129900.79	117204360.0	0.11245976715111307
115330018.0	116339234.2087	117422539.0	0.12390227706442968
115578140.0	116550302.2187	117655313.0	0.10214379663834526
115709873.0	116759154.4284	117822499.0	0.10089818806524406
115865315.0	116969764.5932	117964582.0	0.10485072856368244
116103768.0	117184626.0651	118320612.0	0.11160930684775103
116278603.0	117405660.8651	118512146.0	0.10806338558054232
116548211.0	117625712.9076	118735645.0	0.10509508395929347
116769791.0	117845097.0315	118941696.0	0.10301687067443703
116972650.0	118063589.9357	119168981.0	0.09869217013560348
117204379.0	118285919.6678	119426905.0	0.09560985138274135
117422592.0	118503770.7998	119578062.0	0.07393036891434382
117655317.0	118712971.492	119699800.0	0.07658057966009385
117822568.0	118915663.9673	119816231.0	0.08257433725893283
117965018.0	119112900.9287	119910969.0	0.08485400747050499
118320619.0	119297900.6962	120031409.0	0.07245644182611025
118512147.0	119465448.133	120140373.0	0.07617304475920174
118737336.0	119624942.1186	120295344.0	0.07605260304070754
118941775.0	119780651.7749	120504657.0	0.07884965580933385
119168991.0	119933879.2552	120713088.0	0.08317090562100746
119426909.0	120085108.4853	120902506.0	0.08430491290267991
119578193.0	120233425.7619	121062440.0	0.09229519958828043
119699804.0	120381468.9682	121160274.0	0.09185298817049718
119816243.0	120528613.4553	121289306.0	0.08478984301932718
119911001.0	120678174.1073	121446084.0	0.08237341314936919
120031559.0	120829481.1611	121542131.0	0.09843347385283284
120140377.0	120979356.7366	121637784.0	0.10176864333579275
120296043.0	121134835.2914	121866662.0	0.09625873128064776
120504676.0	121290236.2412	122051374.0	0.08838733004711613
120713142.0	121445493.8999	122267483.0	0.0810502986526728
120902521.0	121599322.7029	122426695.0	0.08240230739958557
121062444.0	121754068.5431	122650974.0	0.09223205433348301
121160276.0	121916912.7813	122861173.0	0.09181419081032716
121289398.0	122089890.4827	123067556.0	0.09395003877641722
121446101.0	122272203.2801	123269910.0	0.08760281826471265
121542137.0	122464087.9477	123543850.0	0.07583110868971674
121637947.0	122669807.4686	123763144.0	0.07182141290934563
121866667.0	122883857.8484	124020856.0	0.07121534110419328
122051375.0	123099084.8065	124180353.0	0.08537234468097318
122267958.0	123309932.4874	124341848.0	0.08829883013751644
122426789.0	123516640.1783	124527362.0	0.08839236809163536
122650995.0	123722478.8323	124689995.0	0.07640546758433968
122861180.0	123926794.4911	124899828.0	0.0756487680487339
123067580.0	124129632.2564	125087073.0	0.07011727400750171
123269918.0	124332997.345	125345286.0	0.07611715782168921
123543899.0	124538213.0043	125600540.0	0.0800114028731406
123763199.0	124740782.9471	125726665.0	0.0742331109217143
124020887.0	124932980.8287	125918675.0	0.07970545304425879
124180472.0	125125806.2678	126160650.0	0.06804496598835692
124341858.0	125326362.1943	126388844.0	0.07059284187451623
124527376.0	125531377.4348	126551742.0	0.07043991500059571
124690100.0	125737731.3246	126744364.0	0.0707314581695627
124899829.0	125941999.9857	126909080.0	0.07125788122867666
125087080.0	126145958.3663	127184565.0	0.07233127632913558
125345310.0	126352891.8433	127396326.0	0.06627408914240446
125600641.0	126556358.3668	127605234.0	0.07726238341821211
125726679.0	126758212.4836	127761599.0	0.08099840537923976
125918683.0	126962210.6223	127973221.0	0.08190260054022051
126160685.0	127167334.9537	128190381.0	0.08618274067137066
126388848.0	127369655.6144	128375943.0	0.08752293966755892
126551773.0	127567762.727	128528641.0	0.08972232681042276
126744383.0	127763143.7588	128705778.0	0.10292101221004318
126909108.0	127960412.966	128898497.0	0.1217214898434144
127184925.0	128160111.1887	129179946.0	0.1308391152881266
127396350.0	128362305.5937	129431041.0	0.1365670554751797
127605376.0	128565707.6359	129621202.0	0.1390666241041927
127761600.0	128769744.5193	129845720.0	0.137492779319297
127973367.0	128979685.9178	130074597.0	0.15463933745698794
128190453.0	129191961.3605	130330892.0	0.1597638861776899
128375951.0	129410489.8966	130654087.0	0.16545781401305684
128528687.0	129646788.3785	130963589.0	0.17044892635837525
128706317.0	129893345.9141	131222345.0	0.1727405073333141
128898519.0	130149538.3882	131478103.0	0.15782445112938948
129179949.0	130406947.0156	131717571.0	0.16038466175205088
129431061.0	130661262.273	131992748.0	0.16058810405035936
129621241.0	130918060.7577	132185662.0	0.1453212031540227
129845816.0	131171089.3665	132351935.0	0.14796616175911378
130074620.0	131429695.0509	132704073.0	0.1327342801619106
130331193.0	131688246.1534	132865654.0	0.13080379527377076
130654132.0	131943540.5894	133163746.0	0.1339199136539219
130963634.0	132189358.1815	133387626.0	0.13198043835365345
131222351.0	132431989.8389	133625706.0	0.12838326012954518
131478124.0	132669230.8703	133861869.0	0.12596042447404804
131717633.0	132904911.0497	134053855.0	0.11596043799727784
131992790.0	133133994.701	134275952.0	0.11555486655817283
132185668.0	133366992.0591	134554675.0	0.13610044895413242
132351968.0	133618309.3768	134943902.0	0.12978846923345533
132704136.0	133872448.8779	135254546.0	0.11907751178417184
132865680.0	134137425.7032	135598279.0	0.11321856026231072
133164051.0	134409529.1544	135858334.0	0.10746075323703012
133387716.0	134678265.5825	136077359.0	0.10938918890768684
133625716.0	134946377.0095	136276255.0	0.11715238394044777
133861875.0	135213279.8597	136523965.0	0.13396121629712013
134054168.0	135480805.899	136732903.0	0.14450546339091486
134276106.0	135750902.8207	136940598.0	0.14379810523429323
134555809.0	136009911.1484	137103319.0	0.14767391573523556
134945002.0	136252253.0194	137276679.0	0.16087307563989295
135254552.0	136483685.8737	137515724.0	0.16544398859974935
135598359.0	136701160.8493	137705397.0	0.16947020962384415
135858363.0	136908881.905	137932642.0	0.17291447583802327
136077369.0	137115222.5085	138118405.0	0.16543151390839514
136276279.0	137317953.1581	138316985.0	0.1442594813580136
136524042.0	137523750.0417	138604810.0	0.12446949497661647
136733990.0	137728928.8386	138790620.0	0.12266789326761915
136940684.0	137935404.3763	139017661.0	0.13293168145021309
137103420.0	138146446.2987	139221656.0	0.13664470633622797
137276808.0	138356851.2973	139368309.0	0.1419016286746568
137515727.0	138565436.3166	139575692.0	0.15197843707084313
137705619.0	138769369.9433	139746590.0	0.15223075183223392
137932643.0	138975043.1179	140012893.0	0.15633103776594798
138118462.0	139181527.7875	140169878.0	0.16980857326923426
138317005.0	139392009.9289	140437014.0	0.17469422119841538
138605480.0	139602527.9029	140748645.0	0.1862320461600039
138790624.0	139826513.5835	141078451.0	0.18066182095577277
139017663.0	140064719.9125	141446659.0	0.17669421509960434
139221677.0	140312099.1437	141747527.0	0.16656514251639495
139368370.0	140566766.5773	141947229.0	0.1609458054998752
139575753.0	140825827.9653	142218379.0	0.15257490881581232
139746608.0	141098075.16	142503835.0	0.1638283601371279
140012902.0	141376123.3868	142836085.0	0.18167299646251575
140169901.0	141671006.8343	143244399.0	0.19411857104841063
140437022.0	141978974.02	143566427.0	0.20293389204197088
140748666.0	142292844.5374	143845451.0	0.20433118241709214
141078530.0	142602190.6923	144153579.0	0.20101930021344283
141446763.0	142903667.917	144457303.0	0.18757445904543124
141747536.0	143207120.184	144788570.0	0.1808248386989559
141947427.0	143522875.7278	145209746.0	0.17664293270321335
142218442.0	143857297.7685	145646278.0	0.1767008069673161
142503877.0	144198929.667	145962961.0	0.16943818379401207
142836198.0	144546301.6961	146324254.0	0.15992650390754082
143244411.0	144895744.4801	146772830.0	0.1495901044162798
143566524.0	145255105.41	147202923.0	0.1394123252952775
143845489.0	145629898.5557	147735600.0	0.1323169804866894
144153730.0	146034937.3741	148416972.0	0.13193067704053593
144457372.0	146474065.7723	148978107.0	0.12893976707879476
144788624.0	146934604.485	149467687.0	0.11856187883571102
145210254.0	147401837.74	149925921.0	0.10854171288631925
145647134.0	147879179.6745	150544978.0	0.09791259001457507
145962966.0	148393092.3686	151297714.0	0.09449615476882309
146324594.0	148952423.8329	152289921.0	0.08316204135997203
146780877.0	149569776.8211	153133862.0	0.07739979700425656
147204903.0	150220134.9578	153864503.0	0.07441836822414179
147735691.0	150915829.6248	154935270.0	0.07163939523153
148417212.0	151639951.957	155685608.0	0.07519159204032888
148978276.0	152366070.911	156237586.0	0.08385194788304708
149468097.0	153100821.5149	157020066.0	0.09086906581172431
149926803.0	153868243.7031	157662702.0	0.1015019760177159
150544985.0	154638847.8036	158171390.0	0.11311150909248446
151297742.0	155398866.4293	158846276.0	0.10993330886202135
152289950.0	156131388.9875	159238793.0	0.1130158359154615
153133918.0	156803104.4207	159640643.0	0.11181988245833899
153864507.0	157431399.0175	159913333.0	0.11583474978235572
154935301.0	157994560.5257	160165992.0	0.10827478951998286
155685894.0	158502480.3682	160579235.0	0.1044610959558177
156239956.0	158980710.3121	160900976.0	0.09758622695950173
157021539.0	159429930.2794	161250363.0	0.10041004564162428
157663473.0	159832122.8729	161536299.0	0.09443903144897632
158171492.0	160210143.1924	161837149.0	0.09374571423326003
158846335.0	160560580.6454	162247297.0	0.11022566106529641
159238839.0	160898757.4311	162671120.0	0.12652812068258032
159641937.0	161239770.0645	163007722.0	0.13647497991681287
159913498.0	161589495.8749	163506352.0	0.1350861539442257
160165994.0	161956879.7324	163946753.0	0.14357235886216108
160580226.0	162334804.4683	164431233.0	0.1387757580452433
160901041.0	162721717.0063	164795816.0	0.14808619839623707
161250381.0	163114166.5518	165159278.0	0.14786389406743133
161536475.0	163512230.5243	165570873.0	0.15284605600143794
161837219.0	163914313.8003	165849285.0	0.15112286992355814
162248997.0	164309257.1063	166128515.0	0.13425559408021032
162671165.0	164694560.9562	166449501.0	0.11009214137274521
163007784.0	165079030.1252	166966393.0	0.09303304965986765
163506609.0	165467034.211	167381886.0	0.08888099619359091
163946793.0	165858269.6568	167920055.0	0.08267788502596515
164431374.0	166259208.3397	168400579.0	0.08072365670233206
164796407.0	166659837.4378	168877948.0	0.09270929702919903
165159320.0	167067883.1993	169304125.0	0.13688305661299432
165570918.0	167483124.898	169707230.0	0.16031362715583308
165851056.0	167901383.4568	170092849.0	0.18135909910167983
166128590.0	168327544.2689	170380200.0	0.20252004231365092
166449531.0	168753200.4208	170706688.0	0.21555756667265133
166966467.0	169171062.0595	171013911.0	0.2258134353938512
167382787.0	169577492.3862	171426981.0	0.23353040473000103
167920221.0	169980175.8868	171902739.0	0.262851249810661
168400769.0	170372448.9208	172310718.0	0.28904580077571856
168880634.0	170756620.7486	172566681.0	0.2838308418078837
169304474.0	171117976.719	172855902.0	0.246831694278479
169707540.0	171481070.1647	173371504.0	0.21913127344495456
170092854.0	171851775.119	173853240.0	0.20401938407652986
170380261.0	172231012.8173	174178301.0	0.179965994886602
170706712.0	172607931.7127	174488299.0	0.17599835820022788
171013916.0	172993615.3471	174891954.0	0.18554960515740576
171426993.0	173373084.2484	175141513.0	0.17419029991589724
171902836.0	173735054.5488	175424310.0	0.15810804896333175
172310781.0	174083829.4219	175714309.0	0.16315477059373848
172566765.0	174426825.901	176028292.0	0.16753013882453086
172855921.0	174776816.6136	176369604.0	0.1674654667603439
173371537.0	175114760.6618	176645803.0	0.17881102409149852
173853259.0	175436935.2118	177022035.0	0.17634998000188484
174178331.0	175757165.2917	177431990.0	0.19082600052146848
174488302.0	176087058.4367	177761608.0	0.19338932160300065
174892027.0	176406133.7384	178046210.0	0.18233708141392446
175142557.0	176722313.1441	178299728.0	0.19459582933565758
175424402.0	177041560.6145	178689496.0	0.1988870305765433
175714961.0	177371340.6268	179089786.0	0.17711553768012525
176028318.0	177708495.6259	179432484.0	0.17364914792010103
176369651.0	178047433.0961	179684642.0	0.1794039268417913
176645947.0	178377012.1492	179984413.0	0.16701989441464812
177022117.0	178706314.1785	180252724.0	0.16454983483906516
177432225.0	179019767.4298	180502956.0	0.15078233636381116
177761721.0	179323640.5247	180843208.0	0.1429008837993139
178046214.0	179649560.3121	181378122.0	0.1427060769716084
178299788.0	179987536.5321	181756680.0	0.1455989096012167
178689497.0	180328876.7801	182031471.0	0.15331374553292593
179089795.0	180651950.6333	182226409.0	0.17026544920364972
179432520.0	180959645.5825	182446876.0	0.18160985056873227
179684800.0	181259422.9504	182715789.0	0.1967016303348608
179984504.0	181563546.2263	182951446.0	0.21138885166797777
180252793.0	181860844.7418	183223718.0	0.2247633283341546
180502964.0	182162087.9847	183552872.0	0.24374741264502214
180843272.0	182463709.566	183814401.0	0.273173934357901
181378206.0	182751031.7425	184273578.0	0.29197447826508
181756695.0	183037330.3609	184537492.0	0.2932694741493659
182031533.0	183319895.1256	184845995.0	0.28723953244703
182226566.0	183601801.034	185005772.0	0.2830949977475797
182446879.0	183881079.4457	185286437.0	0.2774742202454947
182715890.0	184166260.9583	185579295.0	0.2664820370075167
182951473.0	184454848.0835	185860701.0	0.26254732843999046
183223882.0	184744653.0962	186139695.0	0.2494614805080635
183552875.0	185033637.0499	186414590.0	0.2626102044839471
183814494.0	185317765.3333	186627735.0	0.25731636240385397
184273632.0	185588534.5097	186892012.0	0.24341844788228448
184537653.0	185847886.8292	187146285.0	0.2301631905409556
184847248.0	186106818.4799	187435180.0	0.22604488056231625
185005780.0	186365922.472	187617901.0	0.21811275510998715
185286461.0	186626420.5953	187832620.0	0.21073831942631605
185579313.0	186875941.1537	187998059.0	0.20325742393360022
185860822.0	187106596.6106	188105734.0	0.1962893576347838
186139734.0	187326857.8173	188325387.0	0.19658959290673253
186414616.0	187537185.8113	188427279.0	0.1685412578660527
186627736.0	187737414.2275	188654005.0	0.14560224480570177
186892080.0	187940025.4764	188889619.0	0.14147473250113454
187146294.0	188136836.9364	189066551.0	0.15872639080860784
187435202.0	188323366.1511	189296330.0	0.15006045303249138
187617934.0	188512041.2191	189514543.0	0.1519237022742944
187832648.0	188701719.8561	189703547.0	0.15547457243374768
187998061.0	188895021.2743	190016541.0	0.16588481180410006
188106895.0	189113462.6622	190380639.0	0.17860984932770915
188325405.0	189346492.5987	190609590.0	0.18355343260486068
188427296.0	189578735.297	190781003.0	0.19258009479048033
188654047.0	189814342.9385	190955729.0	0.20799550447732013
188889684.0	190039015.1694	191105426.0	0.2317019690310158
189066580.0	190261884.3842	191302718.0	0.21198200637019013
189296642.0	190487306.2124	191510196.0	0.22088886131419996
189514582.0	190707962.6028	191735855.0	0.21683243640603514
189703588.0	190932614.9145	192014117.0	0.22582998118008699
190021565.0	191162108.8764	192256767.0	0.21501155784480003
190380658.0	191374811.6086	192471092.0	0.22208674142095644
190609598.0	191583554.167	192728568.0	0.23207300908861608
190781042.0	191797089.179	192937124.0	0.22353397522276183
190955733.0	192019177.7663	193250394.0	0.22343514573741988
191105432.0	192253536.2399	193457887.0	0.21468009178988798
191302797.0	192485302.234	193582144.0	0.2252958349027686
191510253.0	192709565.5685	193739357.0	0.23640836143292376
191735897.0	192929842.5246	193932146.0	0.23711479052414827
192014148.0	193147321.4556	194177504.0	0.22770390975250848
192256827.0	193368052.3904	194528599.0	0.23178667213321266
192471150.0	193595323.5813	194698416.0	0.21067294858770066
192728597.0	193822924.3056	195076289.0	0.1980003419373245
192937220.0	194056774.8889	195301236.0	0.19312666712328305
193250401.0	194292280.635	195614502.0	0.17976241384406713
193457900.0	194531035.3236	195875277.0	0.19188917397385682
193582194.0	194776097.716	196075878.0	0.187530592688726
193739383.0	195026612.0245	196259232.0	0.17694173870909824
193932283.0	195278874.0656	196433086.0	0.19368701468543842
194177650.0	195525721.257	196605611.0	0.1943109188878661
194528635.0	195758322.8767	196788761.0	0.1944808294814919
194698431.0	195982733.4505	196977931.0	0.20432068067784007
195076361.0	196202929.8147	197188297.0	0.21462704936767316
195301289.0	196411767.2376	197340091.0	0.21551755795761934
195614572.0	196612929.8627	197625825.0	0.219938028875287
195875497.0	196810008.7561	197804890.0	0.20602198405093075
196075971.0	196999196.3872	197934122.0	0.2021951381005694
196259284.0	197182429.6442	198073882.0	0.2026116487090498
196433094.0	197363383.4094	198259894.0	0.19419460034637034
196605664.0	197546947.3826	198433382.0	0.2243921395738499
196788807.0	197729200.3746	198610344.0	0.2475942128462534
196978158.0	197913772.0068	198824696.0	0.24401398788116183
197188300.0	198100417.7125	199044408.0	0.24301681877416606
197340111.0	198286842.1346	199234947.0	0.24951846367120167
197625867.0	198474636.369	199396243.0	0.2505466683020647
197804978.0	198652269.024	199629559.0	0.24504439883308393
197934139.0	198846247.7811	199955491.0	0.23918379680067764
198073919.0	199052046.7586	200194341.0	0.24527122585373676
198259914.0	199267602.2968	200409446.0	0.23451308273228985
198433629.0	199481621.3105	200585732.0	0.21900548120575136
198610373.0	199697860.387	200777573.0	0.2141399725293466
198824699.0	199913848.7555	200961129.0	0.21966017969619522
199044467.0	200124001.7481	201146551.0	0.2170026547137386
199234999.0	200336879.2991	201355714.0	0.22070361210634717
199396284.0	200551907.9926	201592526.0	0.2280127844358733
199629564.0	200773628.5788	201822539.0	0.22964300451676598
199955502.0	200986979.7703	202042706.0	0.23912460236720456
200194515.0	201197993.8654	202302809.0	0.22719690124942735
200409447.0	201407052.5192	202504896.0	0.23644817847396485
200585733.0	201613192.8314	202612194.0	0.24228895403789258
200777584.0	201818292.3127	202803979.0	0.22655368427421016
200961131.0	202018000.3879	202958247.0	0.21287277021384418
201146683.0	202217243.7867	203116413.0	0.21194080530763734
201355765.0	202411614.1069	203317522.0	0.21938697830430315
201592539.0	202601589.3098	203469763.0	0.2144228572815659
201822568.0	202787880.872	203698838.0	0.20661909902822517
202043378.0	202975435.4594	203964464.0	0.20497998039831958
202302811.0	203165164.812	204160075.0	0.21125936257051486
202504990.0	203352295.3704	204395343.0	0.2063971407108324
202612211.0	203548538.4399	204676024.0	0.18647093778938945
202804023.0	203754786.6741	204886923.0	0.1863760234178732
202958257.0	203969737.0416	205158597.0	0.17676580594888935
203116444.0	204197485.5449	205510517.0	0.16343755772428142
203318277.0	204452887.0074	205948496.0	0.14627758134560448
203469814.0	204717740.6183	206117579.0	0.13414901638582064
203699081.0	204979250.1427	206260524.0	0.13573781424411838
203965033.0	205232301.2282	206435124.0	0.12940328800148965
204160081.0	205478081.6475	206647784.0	0.12687107373299675
204395377.0	205724942.9524	206838442.0	0.13109358154678327
204676066.0	205968227.5395	207078342.0	0.1304360697572239
204887080.0	206204158.5636	207231274.0	0.12059399369674786
205158706.0	206438771.4114	207467305.0	0.1380726697077318
205510864.0	206661660.5811	207653435.0	0.14319955202701287
205948500.0	206859929.5353	207833970.0	0.15694690417059817
206117622.0	207048466.7601	208017646.0	0.16699109368836856
206260537.0	207238199.8143	208139454.0	0.18135683998737898
206435203.0	207424281.742	208293274.0	0.19394522438286724
206647950.0	207610199.3425	208468874.0	0.19580691302649433
206838480.0	207789214.7935	208613876.0	0.20366976274596588
207078347.0	207967265.201	208876523.0	0.2265573815026954
207233327.0	208162657.9154	209235233.0	0.22903494710949
207467395.0	208358469.9929	209408763.0	0.2301158480916714
207653749.0	208552182.9182	209555432.0	0.23935647585439904
207834082.0	208748090.3132	209814964.0	0.2355872989184047
208017695.0	208946121.4345	209993476.0	0.23136471969278444
208139482.0	209143098.0206	210139703.0	0.215728538612541
208293325.0	209344404.5968	210292134.0	0.21397438339615465
208468883.0	209543940.9462	210489720.0	0.21246520115924922
208614123.0	209760108.9238	210798449.0	0.2086863076211994
208876630.0	209975311.2395	210962669.0	0.19373062168126537
209235487.0	210171200.7415	211161922.0	0.18927582656367575
209408807.0	210361075.14	211280052.0	0.1731051208191375
209555448.0	210548518.9183	211451213.0	0.1520995794298675
209815012.0	210735966.9884	211703503.0	0.13742471190058292
209993497.0	210932881.9767	211984486.0	0.13386251671268662
210139726.0	211135159.7779	212175425.0	0.12976095538384194
210292179.0	211337814.4625	212325340.0	0.11161106127488316
210489758.0	211543600.677	212530178.0	0.10550927992784541
210798534.0	211736638.7876	212740846.0	0.09046356560606955
210962736.0	211929986.1185	212884589.0	0.08090653158465112
211161955.0	212121328.4802	213074302.0	0.08432941685900432
211280102.0	212319161.3141	213309616.0	0.08665985305585139
211451296.0	212527439.5719	213541340.0	0.09848698508876799
211703513.0	212734551.9834	213720169.0	0.10546956375181568
211984489.0	212927026.465	213872139.0	0.10255431449016815
212178228.0	213114673.6368	214033994.0	0.10147865071468436
212325351.0	213301200.0609	214184787.0	0.1072423368268947
212530188.0	213484805.7101	214378567.0	0.10051743277268738
212740858.0	213675213.7491	214656119.0	0.09987288949302224
212884933.0	213865255.378	214779583.0	0.09993946507519555
213074308.0	214052773.5316	214901912.0	0.10095084205360984
213309651.0	214227623.784	215021097.0	0.10287881326044968
213541451.0	214393209.5191	215189866.0	0.10324234505222224
213720191.0	214558917.7877	215412731.0	0.10100062282917545
213872141.0	214728651.2042	215543368.0	0.10008478127267313
214034005.0	214891938.5961	215656638.0	0.1019175482362432
214184798.0	215052745.8541	215796082.0	0.10321628151101296
214378583.0	215214650.0068	216002894.0	0.10638712007341841
214656144.0	215371833.05	216221440.0	0.10653377505385608
214779786.0	215535503.946	216447805.0	0.10097324142437838
214901929.0	215704209.7866	216629324.0	0.09790614650296255
215021112.0	215881208.774	216813678.0	0.08974396712067961
215190721.0	216066106.5288	217084434.0	0.08545332420348999
215412741.0	216260491.1009	217417257.0	0.08934776539496103
215543369.0	216462627.5189	217624418.0	0.09871293579953004
215656702.0	216676466.8864	217841423.0	0.10342124550127345
215796123.0	216903678.6373	218101945.0	0.10851040242475987
216002995.0	217134025.6976	218270260.0	0.11095334251423583
216221465.0	217362332.5095	218484009.0	0.11010719791288075
216447896.0	217588144.3	218750264.0	0.11759919923956451
216629326.0	217821102.6233	218955337.0	0.11813262842092617
216813745.0	218052100.6467	219102483.0	0.12704839340369092
217084472.0	218273308.844	219201637.0	0.11890921973202306
217417311.0	218473826.8978	219305069.0	0.11229225083940755
217624428.0	218659084.045	219422059.0	0.10528955698615114
217841538.0	218833208.5403	219504558.0	0.09509486896484445
218102072.0	218989476.3914	219601876.0	0.08633871879844393
218270325.0	219135132.6434	219704076.0	0.07907456759630815
218484013.0	219271439.084	219788550.0	0.084885055472334
218750280.0	219394588.5157	219894900.0	0.08516690065272042
218955344.0	219501397.9539	219986624.0	0.0772847316561488
219102529.0	219605657.7247	220205810.0	0.07303745880362057
219201645.0	219717446.8016	220342151.0	0.08606350624330822
219305124.0	219834894.6459	220521891.0	0.08943086648362147
219422075.0	219961924.6709	220742598.0	0.08742185607870595
219504559.0	220094241.8852	220851446.0	0.09368665672971337
219601894.0	220229975.4317	220974875.0	0.09371785818610925
219704125.0	220370317.481	221165312.0	0.10870044949199036
219788556.0	220521180.9337	221357227.0	0.10538371666934905
219894927.0	220680875.8141	221506846.0	0.11453550778361181
219986831.0	220844923.4958	221642060.0	0.12825683665956727
220205816.0	221012494.998	221838181.0	0.12635047367817287
220342159.0	221182897.0239	222103274.0	0.11635089151439111
220521892.0	221360487.0684	222283520.0	0.11323586905565546
220742604.0	221532150.9164	222432397.0	0.12421469693130932
220851454.0	221701143.2317	222531212.0	0.13820814472545573
220974916.0	221872255.1926	222740640.0	0.1346313302558305
221165364.0	222048825.5458	222869798.0	0.1310747316611693
221357230.0	222217336.1141	223026435.0	0.1428911620696116
221506904.0	222384193.5417	223181992.0	0.127773985202556
221642063.0	222552267.5262	223320189.0	0.117609875959942
221838194.0	222716336.8153	223477809.0	0.12117311374893004
222103355.0	222875358.7133	223660742.0	0.12438207631556222
222283534.0	223028148.358	223784890.0	0.12495641574496515
222432463.0	223179404.8632	223978699.0	0.13344376055915314
222531308.0	223343435.0922	224227593.0	0.13506100740827082
222740746.0	223516072.0803	224464358.0	0.14988569549902378
222869845.0	223689243.0505	224633974.0	0.14583135137613507
223026472.0	223865720.2062	224779219.0	0.14190707186866588
223181998.0	224040141.9343	224919605.0	0.14749382220065693
223320287.0	224213932.6515	225069482.0	0.15300184506682477
223477816.0	224388097.7561	225206793.0	0.1548284366207489
223660829.0	224556620.6633	225286726.0	0.16558173272056245
223784898.0	224717985.2947	225408919.0	0.16499143776350067
223978737.0	224881346.8254	225572572.0	0.15244210483844062
224227985.0	225036368.7342	225749726.0	0.14856979004478074
224464365.0	225185161.245	225887122.0	0.14399319316992004
224637718.0	225329635.0296	226089730.0	0.14582497664535274
224779227.0	225477408.0098	226270993.0	0.1363377894633964
224919820.0	225625611.2512	226409800.0	0.1285205912509591
225069483.0	225774075.2654	226567873.0	0.12034713209631806
225206797.0	225927337.2798	226759830.0	0.11683108887809683
225286728.0	226087624.8595	226955127.0	0.10310976634229811
225409039.0	226254953.74	227105419.0	0.10088811868554934
225572589.0	226425339.2096	227294780.0	0.09271497134882722
225749764.0	226598219.2008	227485608.0	0.08190814588942859
225887148.0	226772398.287	227664740.0	0.0713119936660493
226091523.0	226945865.7517	227813387.0	0.06864410491250489
226271039.0	227114518.8343	227929902.0	0.06638622974123058
226410057.0	227279768.0107	228034685.0	0.06834779141115944
226567983.0	227441654.9306	228156052.0	0.07783432218736669
226759831.0	227596481.4572	228300272.0	0.08239933453478165
226955176.0	227744907.5324	228384433.0	0.07906910838731887
227105422.0	227891602.3344	228588474.0	0.07815497405064929
227294810.0	228037293.7194	228750997.0	0.0833015633837339
227485626.0	228182321.6596	228920306.0	0.08155925915765873
227664774.0	228322939.0433	229041420.0	0.08047756087394851
227813393.0	228463846.5668	229221002.0	0.08511467866901523
227929907.0	228609442.3841	229410112.0	0.08757481928181941
228034823.0	228758073.9914	229537152.0	0.08750366153545125
228156161.0	228910579.509	229701636.0	0.08323510843738127
228300277.0	229067690.2526	229888146.0	0.08369746171580864
228384445.0	229229169.5216	230023194.0	0.08739689211307293
228588519.0	229389896.3438	230147231.0	0.09026045192977133
228751016.0	229543278.6418	230246878.0	0.08920214278924016
228920319.0	229688056.4346	230346653.0	0.10649040587566634
229041633.0	229829635.6612	230455125.0	0.11411317357163178
229221050.0	229966452.0016	230571477.0	0.11605640977576279
229410119.0	230096878.9928	230689930.0	0.11314971767633167
229538602.0	230223842.9854	230793396.0	0.11304040481190726
229701664.0	230348786.8919	230933992.0	0.11399119550635611
229888212.0	230471193.3734	231092206.0	0.11679980317100443
230023259.0	230591703.2961	231249568.0	0.11402325299118342
230147233.0	230713424.2192	231358442.0	0.12304626311614172
230246959.0	230839082.6716	231523287.0	0.12410444093946345
230346849.0	230971173.6182	231680628.0	0.1050614694654734
230455242.0	231105822.7844	231817757.0	0.11003774181400962
230571479.0	231246186.3855	231988685.0	0.120129680090732
230689940.0	231391893.7261	232170820.0	0.12726556470017494
230793400.0	231545646.0307	232417107.0	0.1320265713560519
230933995.0	231710163.1896	232620525.0	0.13899220529727727
231092208.0	231877204.0544	232730700.0	0.1334837175731306
231249595.0	232038258.357	232820419.0	0.13322860964475058
231358452.0	232193978.5559	232906790.0	0.11818124830485768
231523378.0	232344519.9745	233029334.0	0.11828899522802408
231680635.0	232494794.929	233205707.0	0.12424675757172916
231817777.0	232645351.7433	233313223.0	0.11359075639893085
231988703.0	232791329.2994	233424600.0	0.10102833193353448
232170829.0	232929975.1676	233518298.0	0.09651606197740806
232417182.0	233058959.0662	233634346.0	0.09340505467540762
232620549.0	233180337.9931	233818758.0	0.10205724539722967
232730716.0	233302980.1745	233997951.0	0.1054052235586876
232820432.0	233434527.0859	234169885.0	0.10537044406849035
232906823.0	233571531.9483	234310851.0	0.10778458127922025
233029336.0	233715868.4043	234468051.0	0.11009697760850753
233205715.0	233857368.5512	234608155.0	0.10859763636138625
233313304.0	233998139.926	234728297.0	0.10791553511746514
233424628.0	234140375.6289	234857291.0	0.10603872556338886
233518319.0	234287549.5894	235042999.0	0.10830409232484224
233634363.0	234440777.279	235180982.0	0.12480082123924686
233818791.0	234593417.6831	235318345.0	0.11999091212202062
233998008.0	234742455.6059	235472612.0	0.12850692602653965
234169910.0	234886656.298	235588204.0	0.14263327375327448
234310944.0	235027007.7779	235694215.0	0.16664484219676076
234468080.0	235161518.3765	235801393.0	0.18424998228367434
234608181.0	235293887.067	235935586.0	0.23007385441788555
234728415.0	235431597.6018	236114908.0	0.28887377268948045
234857292.0	235574663.6642	236284992.0	0.31350049942039143
235043378.0	235717065.6709	236465525.0	0.3618444852385329
235181904.0	235868055.3656	236721301.0	0.36211804373466616
235318401.0	236023235.6346	236897810.0	0.3532172172998786
235472638.0	236179945.723	237043992.0	0.3319734420842869
235588233.0	236338168.2482	237175301.0	0.336467199177629
235694230.0	236500582.5396	237334924.0	0.32256886422824954
235801403.0	236665769.5583	237462940.0	0.32619499354719594
235935596.0	236833865.4261	237623444.0	0.277311073410196
236114909.0	237001059.7509	237762566.0	0.22108299657843083
236285018.0	237160659.7825	237881992.0	0.18440935520308602
236465595.0	237318045.3523	238044814.0	0.1410484769831716
236721307.0	237469129.9523	238190453.0	0.12755518617547432
236897811.0	237613660.8763	238298519.0	0.12245281463439334
237044094.0	237756939.0119	238480701.0	0.11236150772756218
237175303.0	237904158.3096	238671755.0	0.08529073186110654
237335031.0	238053466.7123	238812249.0	0.07264342239883291
237462968.0	238201356.4549	238945322.0	0.07084212059701497
237623571.0	238347810.7405	239065615.0	0.08313176177842208
237762586.0	238487736.9671	239152580.0	0.11123013660896466
237882003.0	238627933.728	239288577.0	0.11513247255504706
238045452.0	238769304.6227	239434239.0	0.11410700861405246
238190759.0	238904895.3715	239525584.0	0.1187697927007986
238298520.0	239038802.8866	239670618.0	0.12435075749043688
238480768.0	239176972.7278	239898890.0	0.1347204936038883
238671764.0	239319723.5712	240104109.0	0.15026000567741285
238812250.0	239466988.769	240343480.0	0.14458945171601364
238945330.0	239623282.6154	240519674.0	0.16505694207956811
239065668.0	239787137.6443	240769019.0	0.15932747479341777
239152609.0	239962512.5854	240964532.0	0.10754214185308936
239288582.0	240150256.3798	241227454.0	0.1066539834053526
239434315.0	240347075.8267	241404806.0	0.10895149130120521
239525604.0	240545248.1019	241522858.0	0.10919260297246876
239670646.0	240742752.5735	241612295.0	0.10922513132037621
239899039.0	240933367.3023	241756417.0	0.09918753618935487
240104127.0	241115115.3192	241917376.0	0.09451893455315498
240343486.0	241296272.7019	242164794.0	0.10168676102049354
240519678.0	241480324.5125	242367141.0	0.08573276347464757
240769021.0	241661452.9701	242559282.0	0.07883819217932933
240964615.0	241837933.5057	242709395.0	0.07507966899807772
241227464.0	242007902.4572	242902901.0	0.0821684321131921
241404815.0	242173039.7795	243084135.0	0.08325304852080062
241522870.0	242346966.1381	243296172.0	0.07334440029527123
241612318.0	242527626.5156	243504620.0	0.060841201343192146
241756418.0	242716238.2693	243634137.0	0.059477419815930986
241917497.0	242903174.7542	243781309.0	0.06485862028024544
242167475.0	243087676.9123	243988202.0	0.06859497888394546
242367282.0	243268879.5817	244171732.0	0.06914429469239293
242559294.0	243448108.8298	244335827.0	0.07159410925887168
242709407.0	243630244.6308	244542166.0	0.07618417762039063
242902909.0	243811444.0532	244663546.0	0.06914752175756701
243084161.0	243986528.8848	244773710.0	0.0656016544733119
243296229.0	244152239.9146	244923619.0	0.06807711111731755
243504676.0	244318804.0859	245115369.0	0.07285269129681317
243634145.0	244482160.9019	245307616.0	0.07704260863441177
243781507.0	244650801.8045	245467965.0	0.0651267448036712
243988225.0	244816122.1561	245590846.0	0.05037375027673584
244171850.0	244973073.2286	245729559.0	0.05235849159406963
244335855.0	245125502.1712	245828678.0	0.04876493216627825
244542167.0	245268952.5748	245925952.0	0.053789580045134504
244663548.0	245407219.1049	246065325.0	0.05942059961873177
244773719.0	245551615.1952	246279639.0	0.0695110067748784
244923662.0	245704693.6823	246491617.0	0.0701266613192186
245116119.0	245855201.5734	246622168.0	0.07484912231927926
245307626.0	246002944.9328	246748898.0	0.08101237526653131
245467968.0	246143942.6684	246869730.0	0.0878479591362094
245590869.0	246289980.1116	247126169.0	0.09868188856732092
245729564.0	246444390.8537	247323926.0	0.09847865794669516
245828688.0	246608830.3909	247488488.0	0.10675388191902298
245925975.0	246777414.2538	247658748.0	0.10152497561197696
246065332.0	246954064.7178	247865132.0	0.10794686106883444
246279650.0	247133137.3217	248058426.0	0.09624119320373237
246491716.0	247305382.7838	248162366.0	0.10658793307877905
246622256.0	247474717.8874	248331371.0	0.10483856513739984
246749207.0	247652526.8447	248572793.0	0.10144315701097603
246869802.0	247836094.5951	248707804.0	0.09683939189041413
247126187.0	248012081.2904	248810494.0	0.09053311503155155
247324375.0	248177617.5724	248905195.0	0.091610498314843
247488537.0	248333479.2875	249086627.0	0.10158191913231329
247659032.0	248493271.2855	249249304.0	0.10146790614651285
247865175.0	248650155.7011	249409150.0	0.09618717961332894
248058501.0	248802757.978	249560642.0	0.09617500639029533
248162463.0	248956162.7891	249731059.0	0.09312052065353592
248331406.0	249114083.2333	249890458.0	0.10562888417681839
248572830.0	249265774.9673	250062709.0	0.12161461870683908
248707805.0	249420884.0653	250276352.0	0.1266962609126694
248810496.0	249579920.4908	250453727.0	0.12511311083462753
248905235.0	249749881.0855	250657808.0	0.12003779730826669
249086700.0	249923677.2833	250802418.0	0.10704249987937169
249249334.0	250094688.0797	250954146.0	0.10936822426208657
249409151.0	250264893.1536	251089700.0	0.10677008610497002
249560697.0	250430514.622	251213780.0	0.1188352786805915
249731079.0	250593084.9565	251335409.0	0.11702461873517943
249890514.0	250750977.735	251455473.0	0.10766968931338636
250062730.0	250903335.7124	251550841.0	0.09154819879424538
250276435.0	251045611.9305	251675028.0	0.09259736146484361
250453734.0	251185366.2391	251800650.0	0.10064705092624676
250657869.0	251314632.6294	251909711.0	0.10956008438480463
250802428.0	251442387.7611	252096085.0	0.10042067796325044
250954205.0	251569404.8773	252210873.0	0.08967588751339456
251089741.0	251692433.8789	252329983.0	0.09627683007129383
251213785.0	251815838.0792	252449309.0	0.08611251586262215
251335418.0	251938923.2085	252589299.0	0.08522114123152953
251455482.0	252068608.4077	252787444.0	0.08294153023589432
251550851.0	252204982.7556	252943562.0	0.08217270426917386
251675097.0	252346837.5427	253101861.0	0.07565714744285405
251800704.0	252490899.3745	253255263.0	0.07354096523886477
251909735.0	252637342.546	253400170.0	0.07030757888795457
252096090.0	252782370.7262	253491922.0	0.08442743236865241
252210875.0	252920305.34	253563387.0	0.10261907233617905
252330011.0	253054428.8479	253660581.0	0.1024436264433774
252449313.0	253187276.2113	253755531.0	0.10012868345689835
252589325.0	253319394.0732	253883789.0	0.10571825702236369
252787539.0	253443789.3797	253997815.0	0.12142683876934765
252943575.0	253564143.6304	254165270.0	0.14945576040420802
253101867.0	253686428.6038	254332012.0	0.16584170332389853
253255266.0	253811959.2136	254528436.0	0.16559793062014705
253400195.0	253939327.5122	254653905.0	0.16711671658492536
253491942.0	254066546.8988	254780329.0	0.16442706584094788
253563411.0	254195938.2197	254873060.0	0.1602996228015062
253660587.0	254328929.1738	255008352.0	0.15626419280426965
253755537.0	254466437.0144	255156892.0	0.16177049621525078
253883796.0	254608046.6592	255306648.0	0.1602891727579026
253997832.0	254751469.0866	255444976.0	0.14896452022540835
254165292.0	254893837.5503	255552954.0	0.11540484284114422
254332021.0	255031979.8509	255695687.0	0.1030668220768276
254528454.0	255163280.0082	255803682.0	0.10746640148514741
254653919.0	255291002.44	255932657.0	0.11732105954729459
254780330.0	255420848.8257	256106522.0	0.1188504403620956
254873142.0	255554624.5161	256211006.0	0.11249514430485406
255008391.0	255687501.0467	256307778.0	0.11028077418911675
255157036.0	255816984.0311	256425379.0	0.1124416544977132
255306680.0	255939845.5101	256523394.0	0.12058528003565254
255445013.0	256059618.749	256607981.0	0.11879498890954925
255553019.0	256175701.4869	256734249.0	0.14372981429544177
255696075.0	256291441.1197	256845817.0	0.14962918461329452
255803749.0	256406405.5052	256942247.0	0.14648378032850984
255934986.0	256519706.0977	257082973.0	0.1420145675651994
256106526.0	256634710.9103	257242118.0	0.14114809388853647
256211013.0	256749042.895	257363604.0	0.14636667265823655
256307781.0	256867854.5721	257550112.0	0.14519825222975014
256425397.0	256989678.5306	257637432.0	0.14488296227709863
256523405.0	257113399.1111	257814754.0	0.14025728123491712
256607990.0	257246897.5319	257978365.0	0.1369181614851732
256734253.0	257386287.3075	258129730.0	0.11481096623046103
256845877.0	257530554.1353	258290213.0	0.11324574667373505
256942289.0	257676749.6904	258477956.0	0.12630985504813327
257082978.0	257829995.9156	258596525.0	0.12451419944102786
257242271.0	257979743.6293	258739252.0	0.1174092086364034
257363610.0	258134029.4118	258914554.0	0.11614068336665824
257550119.0	258286618.7624	259049307.0	0.12446229635183834
257637441.0	258442648.5475	259234273.0	0.12466773334912751
257814880.0	258607143.0731	259432014.0	0.11600895070291051
257978427.0	258767830.064	259580229.0	0.11532556385629035
258129760.0	258929554.0278	259738045.0	0.11504061857061222
258290259.0	259090627.402	259913795.0	0.111279391794462
258478098.0	259249861.1135	260003311.0	0.09100686382892245
258596648.0	259400624.2958	260086998.0	0.09000974876730916
258739257.0	259547044.3426	260162497.0	0.09099449527846079
258914598.0	259682715.8723	260240588.0	0.08544877365837739
259049869.0	259813892.6624	260335200.0	0.07792364648266534
259234340.0	259935533.8708	260410486.0	0.07211137069044075
259432034.0	260045454.315	260500675.0	0.07000715582600037
259580230.0	260154255.5559	260665897.0	0.0694899799614029
259738489.0	260263405.8891	260830226.0	0.06532853505932659
259913837.0	260368755.331	260952421.0	0.0582016664238629
260004931.0	260473736.9237	261077461.0	0.05647349934277214
260087029.0	260585048.3805	261226506.0	0.049197170939737196
260162714.0	260701131.219	261343256.0	0.04690518050443765
260240594.0	260824175.9873	261522730.0	0.044849065867322964
260335219.0	260953099.4482	261638536.0	0.04453345973644477
260410490.0	261086495.2546	261756766.0	0.04223138441592694
260500697.0	261223266.3361	261908825.0	0.041382777071633146
260665967.0	261360420.1573	262037209.0	0.03882033868463266
260830258.0	261493580.9395	262140340.0	0.037790879129935596
260952463.0	261622898.4241	262246326.0	0.042510448148414336
261077575.0	261755596.5172	262417658.0	0.03977123496016972
261227148.0	261888506.6539	262556709.0	0.03892542790204612
261343267.0	262026086.7553	262754983.0	0.03859517499031206
261522732.0	262163700.4717	262876161.0	0.04058464955320937
261638570.0	262302467.0982	263059673.0	0.04239972741441663
261756803.0	262446505.1511	263245043.0	0.0462837423298848
261908848.0	262597576.5819	263409396.0	0.04553672156397565
262037218.0	262750032.3833	263588873.0	0.04509242743911465
262140497.0	262908526.3643	263747486.0	0.059282662770461805
262246409.0	263075454.2138	263953317.0	0.06251298779266572
262417663.0	263243573.9953	264084626.0	0.06601298553935955
262556774.0	263413514.6254	264277377.0	0.0665958049050268
262754986.0	263579527.963	264399477.0	0.069757543800963
262876207.0	263748409.1222	264620997.0	0.06650367709807294
263059708.0	263919344.3894	264720789.0	0.06389014524267109
263245139.0	264084013.8399	264861775.0	0.069163849488303
263409546.0	264246612.0237	265034591.0	0.08650936389055938
263588876.0	264411729.8319	265237049.0	0.08964420841682846
263747511.0	264574435.2885	265357868.0	0.08505651455096826
263953459.0	264729301.8799	265456501.0	0.08572735952516146
264084707.0	264879427.1142	265582807.0	0.09889655917873177
264277408.0	265026676.346	265721673.0	0.11944153974483235
264399517.0	265171359.8558	265826443.0	0.12362235965587355
264621003.0	265309901.7173	265946087.0	0.12630578557348768
264720809.0	265444788.7771	266104950.0	0.12671421434303126
264861834.0	265584816.6305	266274141.0	0.13097713389623472
265036981.0	265722751.1703	266394735.0	0.11617862790484769
265237051.0	265853829.8741	266539343.0	0.11016779361664106
265357881.0	265981914.9425	266638064.0	0.09731308068280355
265456511.0	266112666.8557	266764214.0	0.09178193427188734
265582869.0	266247673.4231	266953140.0	0.08009647692820619
265721687.0	266385506.2906	267091598.0	0.06647799288173467
265826486.0	266522038.4775	267174118.0	0.06472678301653038
265946109.0	266659890.6068	267350208.0	0.06538415982904418
266104981.0	266801342.154	267505765.0	0.07008687863842195
266274187.0	266936904.9844	267594789.0	0.058871821213450685
266394737.0	267070505.3977	267732565.0	0.06486934200187595
266539416.0	267206028.7344	267869863.0	0.06987852736724927
266638103.0	267344716.1779	268088272.0	0.06936741831072364
266764229.0	267490418.918	268222945.0	0.07090936336279219
266953159.0	267633576.5946	268372864.0	0.0658459181884763
267092458.0	267775380.3675	268513023.0	0.06057279384157502
267174273.0	267918755.2951	268650359.0	0.0600535919814582
267350535.0	268066670.9116	268816557.0	0.06606082757132883
267505906.0	268209462.8294	268931448.0	0.07019369998622638
267594840.0	268355579.8126	269065622.0	0.07474132838429563
267732572.0	268501795.2968	269203130.0	0.0802340199715356
267869928.0	268646336.1958	269315659.0	0.08427112606842023
268088352.0	268786141.9448	269406045.0	0.09475102176657038
268223146.0	268916246.881	269540169.0	0.11074175378028565
268372941.0	269044461.7602	269640490.0	0.11852718333955825
268513052.0	269168081.0202	269728337.0	0.11693339311688555
268650400.0	269287709.0013	269804291.0	0.12084195885526171
268820484.0	269397890.1983	269902518.0	0.11339934582901529
268931464.0	269506564.3824	269996518.0	0.11180237886438925
269065623.0	269610850.8263	270106285.0	0.10451889926952987
269203142.0	269713438.8026	270216663.0	0.10020635776227207
269315665.0	269814785.6891	270333998.0	0.1039543997774129
269406101.0	269920037.5352	270501507.0	0.11046766579021786
269540184.0	270029265.0738	270608135.0	0.11118131785798127
269640511.0	270137839.7963	270709263.0	0.12894507134114713
269728339.0	270243995.7508	270824047.0	0.14296806671293114
269804382.0	270355369.4135	270934058.0	0.16538535049930414
269902526.0	270470925.5373	271045903.0	0.20550996755326678
269996526.0	270586442.0046	271170239.0	0.2556164789777244
270106303.0	270702952.3205	271287976.0	0.3052028576986258
270216665.0	270821888.1357	271417012.0	0.38762177180460367
270334051.0	270942254.3969	271534659.0	0.4338741327311432
270501510.0	271062323.8668	271746034.0	0.4906878656592795
270608180.0	271188687.6611	271891002.0	0.5473246922856639
270709290.0	271315960.5949	271990213.0	0.57259755163361
270824073.0	271446632.0081	272127464.0	0.5739000487857278
270934087.0	271577921.8672	272232415.0	0.5310244390209058
271045945.0	271707898.3248	272362652.0	0.529435180610355
271170295.0	271837840.4657	272438381.0	0.5156501021325939
271288027.0	271965281.4828	272539478.0	0.49221532694030834
271417058.0	272090882.5116	272674236.0	0.40956578834300844
271534698.0	272217620.9557	272801180.0	0.3674351919502135
271746062.0	272344839.2765	272982701.0	0.33949349059273093
271891005.0	272469944.4555	273146221.0	0.3138094842521033
271990237.0	272604336.1876	273375615.0	0.2782309858955427
272127488.0	272744328.985	273505677.0	0.2660265891239061
272232948.0	272883996.4747	273658974.0	0.2633746988243272
272362735.0	273028467.7351	273844737.0	0.2297766510467455
272438419.0	273179689.6013	273981365.0	0.18716188326264724
272539542.0	273336302.6521	274122172.0	0.1670739620402744
272674252.0	273494697.9692	274237026.0	0.15435115404851307
272801202.0	273650146.2266	274346532.0	0.15196938866876006
272982706.0	273802999.8229	274486366.0	0.13986015444191607
273146228.0	273950335.5315	274608676.0	0.13028620194776
273375630.0	274087432.7739	274719690.0	0.1179443397519549
273505682.0	274220364.707	274842663.0	0.10630541742160424
273658979.0	274352350.575	274960783.0	0.09760978654700328
273845234.0	274481878.0773	275122679.0	0.08784381594605625
273981408.0	274610122.0476	275269550.0	0.08589099801242141
274122223.0	274737572.0463	275390825.0	0.08608763516795623
274237124.0	274861547.8206	275514850.0	0.07946739967902848
274346586.0	274992004.2823	275692083.0	0.07345543060724857
274486378.0	275125189.3798	275825243.0	0.07122689774798799
274608682.0	275258889.605	275950298.0	0.06728393907897096
274719698.0	275392919.4764	276035944.0	0.06663428843459247
274842715.0	275522295.2631	276104612.0	0.07057436669333433
274960804.0	275645606.4434	276178864.0	0.07039103102995202
275122720.0	275765895.3363	276335313.0	0.07558839472661207
275269560.0	275883944.6649	276449681.0	0.07912836021059211
275391212.0	276003039.2522	276598168.0	0.07650303590171159
275514904.0	276127910.1899	276742898.0	0.09088452551037461
275692254.0	276252310.3757	276944826.0	0.09228047116904979
275825254.0	276377382.7824	277063534.0	0.08814048005969179
275950331.0	276500188.6976	277159784.0	0.07904660287267326
276035966.0	276628857.3069	277362032.0	0.076030064080274
276104614.0	276761977.2047	277463480.0	0.07306222312398301
276178911.0	276901862.4271	277617734.0	0.07977746889546514
276335316.0	277047511.6571	277757937.0	0.08497112558038876
276449698.0	277190689.9238	277868378.0	0.08874617473271408
276598170.0	277335082.8982	278052812.0	0.08716567270994088
276742900.0	277479162.6271	278167124.0	0.07981002752469459
276944835.0	277618415.0623	278314182.0	0.08725898665539339
277063686.0	277759805.3661	278489515.0	0.10391876150953488
277159787.0	277901974.596	278600847.0	0.09431030449822854
277362050.0	278041576.3803	278753192.0	0.10002876145236135
277463528.0	278181815.0625	278880533.0	0.11588886000924215
277617790.0	278322670.0018	279013249.0	0.12349297180308193
277757975.0	278461142.3092	279140141.0	0.12490217835584554
277868379.0	278599930.9211	279308818.0	0.12249444109243704
278052817.0	278744357.7593	279518185.0	0.13601649923339576
278167136.0	278890821.1939	279641774.0	0.13857227044019538
278314209.0	279036957.7427	279744509.0	0.13344100825108243
278489522.0	279173855.9753	279848826.0	0.11871669721131237
278600862.0	279317251.1865	280047397.0	0.12547345707852137
278753209.0	279460756.8208	280177094.0	0.11624466511314145
278880553.0	279605246.4516	280342966.0	0.11122663756533911
279013317.0	279754249.5442	280529668.0	0.10014413150882151
279140164.0	279906437.0008	280686079.0	0.09617127450841055
279308887.0	280061637.1484	280845008.0	0.0936234171797035
279518207.0	280211682.9075	280989016.0	0.08293658431569519
279641776.0	280360119.4313	281158795.0	0.0938445024468697
279744528.0	280512232.0764	281300482.0	0.09162604513332671
279848871.0	280673398.4487	281502354.0	0.09825886306955882
280047421.0	280833510.652	281636968.0	0.0965452919052847
280177114.0	280995100.0343	281805554.0	0.10053187638969184
280343046.0	281156872.3969	281931660.0	0.09054243600854046
280529670.0	281314435.8428	282072785.0	0.09585995028545675
280686107.0	281468461.7665	282210081.0	0.10412962410704717
280845075.0	281620813.6013	282329477.0	0.09969740321313202
280990814.0	281770633.2347	282517924.0	0.09310283379505102
281158837.0	281920792.612	282619785.0	0.07535944315787432
281300591.0	282067348.5463	282743285.0	0.07485582277792244
281502361.0	282207470.2921	282844453.0	0.06881281440060079
281637021.0	282339195.2445	282930637.0	0.06904997457394242
281805565.0	282463811.8893	283018715.0	0.07864291647416427
281931711.0	282588281.7888	283221171.0	0.08459588092239836
282072786.0	282716447.0713	283363018.0	0.07798911339838857
282210318.0	282844399.5879	283480860.0	0.07356223701551498
282329486.0	282971925.1778	283600011.0	0.08625096285666904
282517933.0	283096624.5924	283719160.0	0.10068519820882899
282619822.0	283217299.1107	283826110.0	0.12481279460615985
282743298.0	283334882.3413	283920297.0	0.1665238033200406
282844459.0	283453081.1617	284025093.0	0.20135712265434388
282930680.0	283575277.1399	284201934.0	0.25728226898194273
283018718.0	283705074.6651	284334341.0	0.28515704689674687
283221261.0	283837917.4078	284540036.0	0.3130132284746552
283363026.0	283969848.2327	284694633.0	0.338201758358899
283480939.0	284101521.6397	284801260.0	0.33504776768189803
283600015.0	284232627.1257	284941477.0	0.31935381885741215
283719237.0	284372232.454	285148712.0	0.3141342958541061
283826116.0	284517880.8512	285302159.0	0.303790803035394
283920347.0	284670659.4532	285472966.0	0.27090085243523976
284025097.0	284829790.8261	285640094.0	0.2406930883134078
284202005.0	284993372.2876	285840165.0	0.20256375421541878
284334373.0	285160821.9119	286061786.0	0.18001067158295972
284540057.0	285330167.8217	286194347.0	0.157265441604365
284694693.0	285491559.1009	286285136.0	0.13256820832681665
284801266.0	285652428.7622	286398625.0	0.13425067111185407
284941552.0	285813708.6369	286569407.0	0.12080333650344058
285148741.0	285974079.5773	286745272.0	0.12078955720043558
285302176.0	286135220.3307	286928762.0	0.0956494218489285
285473028.0	286299680.9218	287111936.0	0.06953895231972088
285640100.0	286457045.7155	287198406.0	0.07455555954142003
285840168.0	286605947.4906	287279506.0	0.07362787496799492
286061798.0	286745466.235	287397889.0	0.08091918221024874
286194358.0	286880260.1878	287568250.0	0.08033822209362684
286285344.0	287020452.0686	287713058.0	0.09195534683943012
286398860.0	287167416.56	287912188.0	0.08258816390950409
286569409.0	287320606.3913	288124471.0	0.08482066763067962
286745286.0	287473917.7055	288256405.0	0.08362032724505837
286928765.0	287624357.136	288461791.0	0.1102747281880257
287111950.0	287774872.1877	288598703.0	0.12836093296857715
287198410.0	287928533.2761	288772119.0	0.13262030842936826
287280529.0	288088917.6094	288908810.0	0.13537275697622822
287397892.0	288250577.7379	289005791.0	0.12411753733150079
287568285.0	288408380.1855	289146451.0	0.12383968914714805
287713102.0	288570706.1256	289357391.0	0.12321057955725725
287912215.0	288732358.4616	289519642.0	0.118906513766822
288124581.0	288892374.6687	289717878.0	0.11821661007938158
288260410.0	289053253.6391	289873975.0	0.10286558278837703
288461847.0	289215572.2024	290066703.0	0.08045704282596661
288598731.0	289379420.019	290311652.0	0.08867439380384275
288772126.0	289551758.2099	290498046.0	0.08387829824411633
288908889.0	289725394.4224	290657217.0	0.07612993587426138
289005796.0	289907166.4377	290882994.0	0.08922002436199715
289146483.0	290097157.8794	291037519.0	0.09539199206003111
289357408.0	290282280.5823	291185346.0	0.09056027944809575
289519660.0	290463436.0893	291317825.0	0.08915010276007126
289717909.0	290642094.9917	291490033.0	0.09148144339957377
289874061.0	290818908.483	291658573.0	0.10076048341043711
290066707.0	290995504.3783	291796524.0	0.10467327468607214
290311670.0	291165286.987	291955057.0	0.0990794913948277
290498058.0	291325713.8021	292071213.0	0.1079643476170632
290657234.0	291482151.7618	292221436.0	0.10923146834061763
290883036.0	291632138.3419	292331738.0	0.1008628144296904
291037545.0	291780999.2162	292549699.0	0.09055171101465
291185381.0	291933622.1125	292699295.0	0.09031082872339925
291317861.0	292084487.1839	292802584.0	0.09179182729154195
291490699.0	292232001.2096	292939791.0	0.08756677917892176
291658574.0	292375704.6099	293056098.0	0.08677536692227122
291796556.0	292515050.2253	293184430.0	0.0873010478256426
291955114.0	292656841.1594	293365448.0	0.07862551952574046
292071236.0	292800486.1085	293530644.0	0.07743303371808703
292221466.0	292948496.6007	293724597.0	0.08660889966975197
292331745.0	293102532.4946	293898726.0	0.07661942263548595
292549704.0	293254786.9532	294069249.0	0.07253998470702719
292699299.0	293407214.8751	294234308.0	0.07581811733648063
292802585.0	293560057.26	294372990.0	0.07470149563372466
292939851.0	293718612.1343	294534535.0	0.07939056983051426
293056122.0	293881139.8843	294700550.0	0.08555614060278031
293184461.0	294046701.1008	294886067.0	0.09762949611437954
293366810.0	294214633.664	295053303.0	0.12091836373695894
293530699.0	294381048.3127	295163721.0	0.1317080636574272
293724611.0	294543883.5148	295336682.0	0.13568371533319004
293898733.0	294702384.8174	295461079.0	0.1422040421127972
294069315.0	294865384.1196	295704585.0	0.1560198759261524
294234348.0	295037663.6013	296138496.0	0.15405087949453916
294373070.0	295267458.8672	297035955.0	0.15304965863374065
294534561.0	295546556.397	297444182.0	0.1474313742852935
294700674.0	295857024.7687	297968949.0	0.14158082415951462
294886301.0	296188828.0809	298227850.0	0.13535033310809386
295053438.0	296526609.5906	298399083.0	0.11060525848992353
295163800.0	296864578.0328	298579570.0	0.09339631061954984
295336701.0	297205311.2621	298728302.0	0.08500083540925926
295461269.0	297543515.1938	298834337.0	0.0840764346189871
295704658.0	297870865.7003	298931843.0	0.07300048857673237
296138513.0	298182759.8727	299070702.0	0.06907786813325494
297035960.0	298439837.1949	299226368.0	0.06736647194240677
297444221.0	298646488.3389	299386664.0	0.06735091039953324
297973182.0	298819329.8026	299545093.0	0.06904850534726266
298227856.0	298977531.2761	299813850.0	0.0760320169084406
298399104.0	299132173.6751	299990841.0	0.07578880083289206
298579591.0	299291075.3249	300185039.0	0.07389903897746238
298728325.0	299452807.5658	300375447.0	0.07349853670214353
298834377.0	299618873.7807	300519205.0	0.07617769472894723
298931845.0	299793925.5808	300716424.0	0.08363307780954263
299070712.0	299978568.3827	300981362.0	0.08364181119863687
299226399.0	300171106.7011	301138721.0	0.09474780952966116
299386708.0	300358273.2228	301240837.0	0.1116594528667212
299545095.0	300543522.3348	301390172.0	0.11842512520776238
299813877.0	300718093.2861	301483485.0	0.1079980265336159
299990847.0	300882717.6194	301583285.0	0.11444641923708779
300185046.0	301036391.9107	301690326.0	0.11841207959079028
300375460.0	301185794.1474	301831313.0	0.11504053614992929
300519258.0	301333922.3978	302021775.0	0.11232514362236835
300719276.0	301480129.1904	302215524.0	0.10846114886629667
300981618.0	301626806.7272	302375887.0	0.10762439687486389
301138746.0	301764137.2288	302519727.0	0.09933251262565218
301240855.0	301906243.5872	302673046.0	0.08228069893303976
301390194.0	302050782.7527	302832595.0	0.07481531849513644
301483512.0	302199225.1617	302992528.0	0.07280468068711327
301583390.0	302352708.3737	303166705.0	0.06918773181877401
301690352.0	302516244.6203	303350430.0	0.07079366874321033
301831317.0	302688298.0809	303621448.0	0.07575758877960209
302021783.0	302866532.4645	303822773.0	0.08471556454969117
302215529.0	303047849.1511	304010989.0	0.08272977176050723
302375981.0	303222603.4478	304094938.0	0.07756702468880196
302519730.0	303391318.5325	304169051.0	0.07306494921607347
302674434.0	303551995.59	304261004.0	0.07452107486871243
302832604.0	303706560.7569	304361510.0	0.07372898923654717
302992540.0	303857821.8805	304517445.0	0.07261602273244877
303166708.0	304012244.2394	304739049.0	0.06686874409449776
303350462.0	304168375.986	304928190.0	0.06081761503492406
303621730.0	304321988.1745	305104772.0	0.059864709494037834
303822831.0	304465997.7724	305189356.0	0.054771085458980226
304011015.0	304604111.4873	305381331.0	0.05733541139681244
304094945.0	304743874.5279	305514209.0	0.0566152593214597
304169138.0	304891074.5892	305708444.0	0.06044216700917735
304261021.0	305046825.9111	305848779.0	0.0598542445611467
304361523.0	305210981.9253	306030017.0	0.057017497152983515
304517459.0	305377559.1157	306181412.0	0.0583963648451755
304739051.0	305545016.3069	306433166.0	0.06423401321255548
304928193.0	305716299.2972	306581552.0	0.06503746697796157
305104816.0	305875247.6761	306651367.0	0.0651469294007171
305189365.0	306033515.3365	306834322.0	0.06685610517065241
305381358.0	306195353.5173	307009697.0	0.0679709487846902
305514213.0	306357785.2318	307171400.0	0.07575779757022848
305708456.0	306525150.4081	307402801.0	0.07077387417209216
305848795.0	306697858.2676	307571211.0	0.07036992583303155
306030021.0	306865935.1271	307692566.0	0.07397944874204662
306181487.0	307031379.1004	307805716.0	0.06804744656846536
306433173.0	307188836.0968	307921821.0	0.06455485480941893
306582049.0	307332001.2189	307998621.0	0.06925979221777434
306651445.0	307476559.5844	308108507.0	0.07349713810947148
306834568.0	307620313.1255	308228917.0	0.07049984748994798
307009710.0	307758864.4035	308356811.0	0.0761380954938607
307171413.0	307892102.3985	308453931.0	0.07655095376317736
307402913.0	308015366.7887	308570861.0	0.08042928723193864
307571304.0	308129157.1373	308704625.0	0.08447315668294121
307692569.0	308242141.1209	308833021.0	0.08613744022269285
307805729.0	308356352.1024	308963675.0	0.09378221804438089
307921872.0	308469576.6658	309051916.0	0.10107944332233702
307998742.0	308586206.7249	309173345.0	0.09538301149265582
308108531.0	308703267.9243	309292814.0	0.0910024624132539
308228994.0	308821708.5266	309416346.0	0.08638295104150523
308356812.0	308939411.0712	309503779.0	0.0781730276963435
308453938.0	309053479.1588	309608556.0	0.07207677592918492
308577123.0	309167066.8618	309688644.0	0.0703224369720813
308704654.0	309275812.3453	309770800.0	0.06559728400800331
308833026.0	309381503.2538	309848485.0	0.06053208083891482
308963702.0	309484844.9513	310000687.0	0.055594670019582314
309052027.0	309589675.0664	310108835.0	0.048896024382780574
309173358.0	309692191.958	310204647.0	0.04813681764131374
309293181.0	309793788.0885	310300583.0	0.04558779620499855
309416372.0	309892366.7819	310387529.0	0.04557470903153636
309503809.0	309990549.3023	310513671.0	0.048900689268674614
309608566.0	310096379.5238	310702565.0	0.05016879708885118
